1.000000 1.000000 1.000000 1.000000 1.000000 1.000000 1.000000 0.000000 0.000000 
1.000000 1.000000 1.000000 1.000000 1.000000 1.000000 1.000000 0.400000 0.400000 
1.000000 1.000000 1.000000 1.000000 1.000000 1.000000 1.000000 0.400000 0.400000 
1.000000 1.000000 1.000000 1.000000 1.000000 1.000000 1.000000 0.400000 0.400000 
1.000000 1.000000 1.000000 1.000000 1.000000 1.000000 1.000000 0.400000 0.400000 
1.000000 1.000000 1.000000 1.000000 1.000000 1.000000 1.000000 0.400000 0.400000 
1.000000 1.000000 1.000000 1.000000 1.000000 1.000000 1.000000 0.400000 0.400000 
1.000000 1.000000 1.000000 1.000000 1.000000 1.000000 1.000000 0.400000 0.400000 
1.000000 1.000000 1.000000 1.000000 1.000000 1.000000 1.000000 0.400000 0.400000 
1.000000 1.000000 1.000000 1.000000 1.000000 1.000000 1.000000 0.400000 0.400000 
1.000000 1.000000 1.000000 1.000000 1.000000 1.000000 1.000000 0.400000 0.400000 
1.000000 1.000000 1.000000 1.000000 1.000000 1.000000 1.000000 0.400000 0.400000 
1.000000 1.000000 1.000000 1.000000 1.000000 1.000000 1.000000 0.400000 0.400000 
1.000000 1.000000 1.000000 1.000000 1.000000 1.000000 1.000000 0.400000 0.400000 
1.000000 1.000000 1.000000 1.000000 1.000000 1.000000 1.000000 0.400000 0.400000 
1.000000 1.000000 1.000000 1.000000 1.000000 1.000000 1.000000 0.400000 0.400000 
1.000000 1.000000 1.000000 1.000000 1.000000 1.000000 1.000000 0.400000 0.400000 
1.000000 1.000000 1.000000 1.000000 1.000000 1.000000 1.000000 0.400000 0.400000 
1.000000 1.000000 1.000000 1.000000 1.000000 1.000000 1.000000 0.400000 0.400000 
1.000000 1.000000 1.000000 1.000000 1.000000 1.000000 1.000000 0.400000 0.400000 
1.000000 1.000000 1.000000 1.000000 1.000000 1.000000 1.000000 0.400000 0.400000 
1.000000 1.000000 1.000000 1.000000 1.000000 1.000000 1.000000 0.400000 0.400000 
1.000000 1.000000 1.000000 1.000000 1.000000 1.000000 1.000000 0.400000 0.400000 
1.000000 1.000000 1.000000 1.000000 1.000000 1.000000 1.000000 0.400000 0.400000 
1.000000 1.000000 1.000000 1.000000 1.000000 1.000000 1.000000 0.400000 0.400000 
1.000000 1.000000 1.000000 1.000000 1.000000 1.000000 1.000000 0.400000 0.400000 
1.000000 1.000000 1.000000 1.000000 1.000000 1.000000 1.000000 0.400000 0.400000 
1.000000 1.000000 1.000000 1.000000 1.000000 1.000000 1.000000 0.400000 0.400000 
1.000000 1.000000 1.000000 1.000000 1.000000 1.000000 1.000000 0.400000 0.400000 
1.000000 1.000000 1.000000 1.000000 1.000000 1.000000 1.000000 0.400000 0.400000 
1.000000 1.000000 1.000000 1.000000 1.000000 1.000000 1.000000 0.400000 0.400000 
1.000000 1.000000 1.000000 1.000000 1.000000 1.000000 1.000000 0.400000 0.400000 
1.000000 1.000000 1.000000 1.000000 1.000000 1.000000 1.000000 0.400000 0.400000 
1.000000 1.000000 1.000000 1.000000 1.000000 1.000000 1.000000 0.400000 0.400000 
1.000000 1.000000 1.000000 1.000000 1.000000 1.000000 1.000000 0.400000 0.400000 
1.000000 1.000000 1.000000 1.000000 1.000000 1.000000 1.000000 0.400000 0.400000 
1.000000 1.000000 1.000000 1.000000 1.000000 1.000000 1.000000 0.400000 0.400000 
1.000000 1.000000 1.000000 1.000000 1.000000 1.000000 1.000000 0.400000 0.400000 
1.000000 1.000000 1.000000 1.000000 1.000000 1.000000 1.000000 0.400000 0.400000 
1.000000 1.000000 1.000000 1.000000 1.000000 1.000000 1.000000 0.400000 0.400000 
1.000000 1.000000 1.000000 1.000000 1.000000 1.000000 1.000000 0.400000 0.400000 
1.000000 1.000000 1.000000 1.000000 1.000000 1.000000 1.000000 0.400000 0.400000 
1.000000 1.000000 1.000000 1.000000 1.000000 1.000000 1.000000 0.400000 0.400000 
1.000000 1.000000 1.000000 1.000000 1.000000 1.000000 1.000000 0.400000 0.400000 
1.000000 1.000000 1.000000 1.000000 1.000000 1.000000 1.000000 0.400000 0.400000 
1.000000 1.000000 1.000000 1.000000 1.000000 1.000000 1.000000 0.400000 0.400000 
1.000000 1.000000 1.000000 1.000000 1.000000 1.000000 1.000000 0.400000 0.400000 
1.000000 1.000000 1.000000 1.000000 1.000000 1.000000 1.000000 0.400000 0.400000 
1.000000 1.000000 1.000000 1.000000 1.000000 1.000000 1.000000 0.400000 0.400000 
1.000000 1.000000 1.000000 1.000000 1.000000 1.000000 1.000000 0.400000 0.400000 
1.000000 1.000000 1.000000 1.000000 1.000000 1.000000 1.000000 0.400000 0.400000 
1.000000 1.000000 1.000000 1.000000 1.000000 1.000000 1.000000 0.400000 0.400000 
1.000000 1.000000 1.000000 1.000000 1.000000 1.000000 1.000000 0.400000 0.400000 
1.000000 1.000000 1.000000 1.000000 1.000000 1.000000 1.000000 0.400000 0.400000 
1.000000 1.000000 1.000000 1.000000 1.000000 1.000000 1.000000 0.400000 0.400000 
1.000000 1.000000 1.000000 1.000000 1.000000 1.000000 1.000000 0.400000 0.400000 
1.000000 1.000000 1.000000 1.000000 1.000000 1.000000 1.000000 0.400000 0.400000 
1.000000 1.000000 1.000000 1.000000 1.000000 1.000000 1.000000 0.400000 0.400000 
1.000000 1.000000 1.000000 1.000000 1.000000 1.000000 1.000000 0.400000 0.400000 
1.000000 1.000000 1.000000 1.000000 1.000000 1.000000 1.000000 0.400000 0.400000 
1.000000 1.000000 1.000000 1.000000 1.000000 1.000000 1.000000 0.400000 0.400000 
1.000000 1.000000 1.000000 1.000000 1.000000 1.000000 1.000000 0.400000 0.400000 
1.000000 1.000000 1.000000 1.000000 1.000000 1.000000 1.000000 0.400000 0.400000 
1.000000 1.000000 1.000000 1.000000 1.000000 1.000000 1.000000 0.400000 0.400000 
1.000000 1.000000 1.000000 1.000000 1.000000 1.000000 1.000000 0.400000 0.400000 
1.000000 1.000000 1.000000 1.000000 1.000000 1.000000 1.000000 0.400000 0.400000 
1.000000 1.000000 1.000000 1.000000 1.000000 1.000000 1.000000 0.400000 0.400000 
1.000000 1.000000 1.000000 1.000000 1.000000 1.000000 1.000000 0.400000 0.400000 
1.000000 1.000000 1.000000 1.000000 1.000000 1.000000 1.000000 0.400000 0.400000 
1.000000 1.000000 1.000000 1.000000 1.000000 1.000000 1.000000 0.400000 0.400000 
1.000000 1.000000 1.000000 1.000000 1.000000 1.000000 1.000000 0.400000 0.400000 
1.000000 1.000000 1.000000 1.000000 1.000000 1.000000 1.000000 0.400000 0.400000 
1.000000 1.000000 1.000000 1.000000 1.000000 1.000000 1.000000 0.400000 0.400000 
1.000000 1.000000 1.000000 1.000000 1.000000 1.000000 1.000000 0.400000 0.400000 
1.000000 1.000000 1.000000 1.000000 1.000000 1.000000 1.000000 0.400000 0.400000 
1.000000 1.000000 1.000000 1.000000 1.000000 1.000000 1.000000 0.400000 0.400000 
1.000000 1.000000 1.000000 1.000000 1.000000 1.000000 1.000000 0.400000 0.400000 
1.000000 1.000000 1.000000 1.000000 1.000000 1.000000 1.000000 0.400000 0.400000 
1.000000 1.000000 1.000000 1.000000 1.000000 1.000000 1.000000 0.400000 0.400000 
1.000000 1.000000 1.000000 1.000000 1.000000 1.000000 1.000000 0.400000 0.400000 
1.000000 1.000000 1.000000 1.000000 1.000000 1.000000 1.000000 0.400000 0.400000 
1.000000 1.000000 1.000000 1.000000 1.000000 1.000000 1.000000 0.400000 0.400000 
1.000000 1.000000 1.000000 1.000000 1.000000 1.000000 1.000000 0.400000 0.400000 
1.000000 1.000000 1.000000 1.000000 1.000000 1.000000 1.000000 0.400000 0.400000 
1.000000 1.000000 1.000000 1.000000 1.000000 1.000000 1.000000 0.400000 0.400000 
1.000000 1.000000 1.000000 1.000000 1.000000 1.000000 1.000000 0.400000 0.400000 
1.000000 1.000000 1.000000 1.000000 1.000000 1.000000 1.000000 0.400000 0.400000 
1.000000 1.000000 1.000000 1.000000 1.000000 1.000000 1.000000 0.400000 0.400000 
1.000000 1.000000 1.000000 1.000000 1.000000 1.000000 1.000000 0.400000 0.400000 
1.000000 1.000000 1.000000 1.000000 1.000000 1.000000 1.000000 0.400000 0.400000 
1.000000 1.000000 1.000000 1.000000 1.000000 1.000000 1.000000 0.400000 0.400000 
1.000000 1.000000 1.000000 1.000000 1.000000 1.000000 1.000000 0.400000 0.400000 
1.000000 1.000000 1.000000 1.000000 1.000000 1.000000 1.000000 0.400000 0.400000 
1.000000 1.000000 1.000000 1.000000 1.000000 1.000000 1.000000 0.400000 0.400000 
1.000000 1.000000 1.000000 1.000000 1.000000 1.000000 1.000000 0.400000 0.400000 
1.000000 1.000000 1.000000 1.000000 1.000000 1.000000 1.000000 0.400000 0.400000 
1.000000 1.000000 1.000000 1.000000 1.000000 1.000000 1.000000 0.400000 0.400000 
1.000000 1.000000 1.000000 1.000000 1.000000 1.000000 1.000000 0.400000 0.400000 
1.000000 1.000000 1.000000 1.000000 1.000000 1.000000 1.000000 0.400000 0.400000 
1.000000 1.000000 1.000000 1.000000 1.000000 1.000000 1.000000 0.400000 0.400000 
1.000000 1.000000 1.000000 1.000000 1.000000 1.000000 1.000000 0.400000 0.400000 
1.000000 1.000000 1.000000 1.000000 1.000000 1.000000 1.000000 0.400000 0.400000 
1.000000 1.000000 1.000000 1.000000 1.000000 1.000000 1.000000 0.400000 0.400000 
1.000000 1.000000 1.000000 1.000000 1.000000 1.000000 1.000000 0.400000 0.400000 
1.000000 1.000000 1.000000 1.000000 1.000000 1.000000 1.000000 0.400000 0.400000 
1.000000 1.000000 1.000000 1.000000 1.000000 1.000000 1.000000 0.400000 0.400000 
1.000000 1.000000 1.000000 1.000000 1.000000 1.000000 1.000000 0.400000 0.400000 
1.000000 1.000000 1.000000 1.000000 1.000000 1.000000 1.000000 0.400000 0.400000 
1.000000 1.000000 1.000000 1.000000 1.000000 1.000000 1.000000 0.400000 0.400000 
1.000000 1.000000 1.000000 1.000000 1.000000 1.000000 1.000000 0.400000 0.400000 
1.000000 1.000000 1.000000 1.000000 1.000000 1.000000 1.000000 0.400000 0.400000 
1.000000 1.000000 1.000000 1.000000 1.000000 1.000000 1.000000 0.400000 0.400000 
1.000000 1.000000 1.000000 1.000000 1.000000 1.000000 1.000000 0.400000 0.400000 
1.000000 1.000000 1.000000 1.000000 1.000000 1.000000 1.000000 0.400000 0.400000 
1.000000 1.000000 1.000000 1.000000 1.000000 1.000000 1.000000 0.400000 0.400000 
1.000000 1.000000 1.000000 1.000000 1.000000 1.000000 1.000000 0.400000 0.400000 
1.000000 1.000000 1.000000 1.000000 1.000000 1.000000 1.000000 0.400000 0.400000 
1.000000 1.000000 1.000000 1.000000 1.000000 1.000000 1.000000 0.400000 0.400000 
1.000000 1.000000 1.000000 1.000000 1.000000 1.000000 1.000000 0.400000 0.400000 
1.000000 1.000000 1.000000 1.000000 1.000000 1.000000 1.000000 0.400000 0.400000 
1.000000 1.000000 1.000000 1.000000 1.000000 1.000000 1.000000 0.400000 0.400000 
1.000000 1.000000 1.000000 1.000000 1.000000 1.000000 1.000000 0.400000 0.400000 
1.000000 1.000000 1.000000 1.000000 1.000000 1.000000 1.000000 0.400000 0.400000 
1.000000 1.000000 1.000000 1.000000 1.000000 1.000000 1.000000 0.400000 0.400000 
1.000000 1.000000 1.000000 1.000000 1.000000 1.000000 1.000000 0.400000 0.400000 
1.000000 1.000000 1.000000 1.000000 1.000000 1.000000 1.000000 0.400000 0.400000 
1.000000 1.000000 1.000000 1.000000 1.000000 1.000000 1.000000 0.400000 0.400000 
1.000000 1.000000 1.000000 1.000000 1.000000 1.000000 1.000000 0.400000 0.400000 
1.000000 1.000000 1.000000 1.000000 1.000000 1.000000 1.000000 0.400000 0.400000 
1.000000 1.000000 1.000000 1.000000 1.000000 1.000000 1.000000 0.400000 0.400000 
1.000000 1.000000 1.000000 1.000000 1.000000 1.000000 1.000000 0.400000 0.400000 
1.000000 1.000000 1.000000 1.000000 1.000000 1.000000 1.000000 0.400000 0.400000 
1.000000 1.000000 1.000000 1.000000 1.000000 1.000000 1.000000 0.400000 0.400000 
1.000000 1.000000 1.000000 1.000000 1.000000 1.000000 1.000000 0.400000 0.400000 
1.000000 1.000000 1.000000 1.000000 1.000000 1.000000 1.000000 0.400000 0.400000 
1.000000 1.000000 1.000000 1.000000 1.000000 1.000000 1.000000 0.400000 0.400000 
1.000000 1.000000 1.000000 1.000000 1.000000 1.000000 1.000000 0.400000 0.400000 
1.000000 1.000000 1.000000 1.000000 1.000000 1.000000 1.000000 0.400000 0.400000 
1.000000 1.000000 1.000000 1.000000 1.000000 1.000000 1.000000 0.400000 0.400000 
1.000000 1.000000 1.000000 1.000000 1.000000 1.000000 1.000000 0.400000 0.400000 
1.000000 1.000000 1.000000 1.000000 1.000000 1.000000 1.000000 0.400000 0.400000 
1.000000 1.000000 1.000000 1.000000 1.000000 1.000000 1.000000 0.400000 0.400000 
1.000000 1.000000 1.000000 1.000000 1.000000 1.000000 1.000000 0.400000 0.400000 
1.000000 1.000000 1.000000 1.000000 1.000000 1.000000 1.000000 0.400000 0.400000 
1.000000 1.000000 1.000000 1.000000 1.000000 1.000000 1.000000 0.400000 0.400000 
1.000000 1.000000 1.000000 1.000000 1.000000 1.000000 1.000000 0.400000 0.400000 
1.000000 1.000000 1.000000 1.000000 1.000000 1.000000 1.000000 0.400000 0.400000 
1.000000 1.000000 1.000000 1.000000 1.000000 1.000000 1.000000 0.400000 0.400000 
1.000000 1.000000 1.000000 1.000000 1.000000 1.000000 1.000000 0.400000 0.400000 
1.000000 1.000000 1.000000 1.000000 1.000000 1.000000 1.000000 0.400000 0.400000 
1.000000 1.000000 1.000000 1.000000 1.000000 1.000000 1.000000 0.400000 0.400000 
1.000000 1.000000 1.000000 1.000000 1.000000 1.000000 1.000000 0.400000 0.400000 
1.000000 1.000000 1.000000 1.000000 1.000000 1.000000 1.000000 0.400000 0.400000 
1.000000 1.000000 1.000000 1.000000 1.000000 1.000000 1.000000 0.400000 0.400000 
1.000000 1.000000 1.000000 1.000000 1.000000 1.000000 1.000000 0.400000 0.400000 
1.000000 1.000000 1.000000 1.000000 1.000000 1.000000 1.000000 0.400000 0.400000 
1.000000 1.000000 1.000000 1.000000 1.000000 1.000000 1.000000 0.400000 0.400000 
1.000000 1.000000 1.000000 1.000000 1.000000 1.000000 1.000000 0.400000 0.400000 
1.000000 1.000000 1.000000 1.000000 1.000000 1.000000 1.000000 0.400000 0.400000 
1.000000 1.000000 1.000000 1.000000 1.000000 1.000000 1.000000 0.400000 0.400000 
1.000000 1.000000 1.000000 1.000000 1.000000 1.000000 1.000000 0.400000 0.400000 
1.000000 1.000000 1.000000 1.000000 1.000000 1.000000 1.000000 0.400000 0.400000 
1.000000 1.000000 1.000000 1.000000 1.000000 1.000000 1.000000 0.400000 0.400000 
1.000000 1.000000 1.000000 1.000000 1.000000 1.000000 1.000000 0.400000 0.400000 
1.000000 1.000000 1.000000 1.000000 1.000000 1.000000 1.000000 0.400000 0.400000 
1.000000 1.000000 1.000000 1.000000 1.000000 1.000000 1.000000 0.400000 0.400000 
1.000000 1.000000 1.000000 1.000000 1.000000 1.000000 1.000000 0.400000 0.400000 
1.000000 1.000000 1.000000 1.000000 1.000000 1.000000 1.000000 0.400000 0.400000 
1.000000 1.000000 1.000000 1.000000 1.000000 1.000000 1.000000 0.400000 0.400000 
1.000000 1.000000 1.000000 1.000000 1.000000 1.000000 1.000000 0.400000 0.400000 
1.000000 1.000000 1.000000 1.000000 1.000000 1.000000 1.000000 0.400000 0.400000 
1.000000 1.000000 1.000000 1.000000 1.000000 1.000000 1.000000 0.400000 0.400000 
1.000000 1.000000 1.000000 1.000000 1.000000 1.000000 1.000000 0.400000 0.400000 
1.000000 1.000000 1.000000 1.000000 1.000000 1.000000 1.000000 0.400000 0.400000 
1.000000 1.000000 1.000000 1.000000 1.000000 1.000000 1.000000 0.400000 0.400000 
1.000000 1.000000 1.000000 1.000000 1.000000 1.000000 1.000000 0.400000 0.400000 
1.000000 1.000000 1.000000 1.000000 1.000000 1.000000 1.000000 0.400000 0.400000 
1.000000 1.000000 1.000000 1.000000 1.000000 1.000000 1.000000 0.400000 0.400000 
1.000000 1.000000 1.000000 1.000000 1.000000 1.000000 1.000000 0.400000 0.400000 
1.000000 1.000000 1.000000 1.000000 1.000000 1.000000 1.000000 0.400000 0.400000 
1.000000 1.000000 1.000000 1.000000 1.000000 1.000000 1.000000 0.400000 0.400000 
1.000000 1.000000 1.000000 1.000000 1.000000 1.000000 1.000000 0.400000 0.400000 
1.000000 1.000000 1.000000 1.000000 1.000000 1.000000 1.000000 0.400000 0.400000 
1.000000 1.000000 1.000000 1.000000 1.000000 1.000000 1.000000 0.400000 0.400000 
1.000000 1.000000 1.000000 1.000000 1.000000 1.000000 1.000000 0.400000 0.400000 
1.000000 1.000000 1.000000 1.000000 1.000000 1.000000 1.000000 0.400000 0.400000 
1.000000 1.000000 1.000000 1.000000 1.000000 1.000000 1.000000 0.400000 0.400000 
1.000000 1.000000 1.000000 1.000000 1.000000 1.000000 1.000000 0.400000 0.400000 
1.000000 1.000000 1.000000 1.000000 1.000000 1.000000 1.000000 0.400000 0.400000 
1.000000 1.000000 1.000000 1.000000 1.000000 1.000000 1.000000 0.400000 0.400000 
1.000000 1.000000 1.000000 1.000000 1.000000 1.000000 1.000000 0.400000 0.400000 
1.000000 1.000000 1.000000 1.000000 1.000000 1.000000 1.000000 0.400000 0.400000 
1.000000 1.000000 1.000000 1.000000 1.000000 1.000000 1.000000 0.400000 0.400000 
1.000000 1.000000 1.000000 1.000000 1.000000 1.000000 1.000000 0.400000 0.400000 
1.000000 1.000000 1.000000 1.000000 1.000000 1.000000 1.000000 0.400000 0.400000 
1.000000 1.000000 1.000000 1.000000 1.000000 1.000000 1.000000 0.400000 0.400000 
1.000000 1.000000 1.000000 1.000000 1.000000 1.000000 1.000000 0.400000 0.400000 
1.000000 1.000000 1.000000 1.000000 1.000000 1.000000 1.000000 0.400000 0.400000 
1.000000 1.000000 1.000000 1.000000 1.000000 1.000000 1.000000 0.400000 0.400000 
1.000000 1.000000 1.000000 1.000000 1.000000 1.000000 1.000000 0.400000 0.400000 
1.000000 1.000000 1.000000 1.000000 1.000000 1.000000 1.000000 0.400000 0.400000 
1.000000 1.000000 1.000000 1.000000 1.000000 1.000000 1.000000 0.400000 0.400000 
1.000000 1.000000 1.000000 454.000000 454.000000 454.000000 1.000000 0.400000 0.400000 
2.000000 2.000000 2.000000 453.000000 453.000000 453.000000 1.000000 0.000000 136.300000 
3.000000 3.000000 3.000000 452.000000 452.000000 452.000000 1.000000 0.000000 135.700000 
4.000000 4.000000 4.000000 451.000000 451.000000 451.000000 1.000000 0.000000 135.100000 
5.000000 5.000000 5.000000 450.000000 450.000000 450.000000 1.000000 0.000000 134.500000 
6.000000 6.000000 6.000000 449.000000 449.000000 449.000000 1.000000 0.000000 133.900000 
7.000000 7.000000 7.000000 448.000000 448.000000 448.000000 1.000000 0.000000 133.300000 
8.000000 8.000000 8.000000 447.000000 447.000000 447.000000 1.000000 0.000000 132.700000 
9.000000 9.000000 9.000000 446.000000 446.000000 446.000000 1.000000 0.000000 132.100000 
10.000000 10.000000 10.000000 445.000000 445.000000 445.000000 1.000000 0.000000 131.500000 
11.000000 11.000000 11.000000 444.000000 444.000000 444.000000 1.000000 0.000000 130.900000 
12.000000 12.000000 12.000000 443.000000 443.000000 443.000000 1.000000 0.000000 130.300000 
13.000000 13.000000 13.000000 442.000000 442.000000 442.000000 1.000000 0.000000 129.700000 
14.000000 14.000000 14.000000 441.000000 441.000000 441.000000 1.000000 0.000000 129.100000 
15.000000 15.000000 15.000000 440.000000 440.000000 440.000000 1.000000 0.000000 128.500000 
16.000000 16.000000 16.000000 439.000000 439.000000 439.000000 1.000000 0.000000 127.900000 
17.000000 17.000000 17.000000 438.000000 438.000000 438.000000 1.000000 0.000000 127.300000 
18.000000 18.000000 18.000000 437.000000 437.000000 437.000000 1.000000 0.000000 126.700000 
19.000000 19.000000 19.000000 436.000000 436.000000 436.000000 1.000000 0.000000 126.100000 
20.000000 20.000000 20.000000 435.000000 435.000000 435.000000 1.000000 0.000000 125.500000 
21.000000 21.000000 21.000000 434.000000 434.000000 434.000000 1.000000 0.000000 124.900000 
22.000000 22.000000 22.000000 433.000000 433.000000 433.000000 1.000000 0.000000 124.300000 
23.000000 23.000000 23.000000 432.000000 432.000000 432.000000 1.000000 0.000000 123.700000 
24.000000 24.000000 24.000000 431.000000 431.000000 431.000000 1.000000 0.000000 123.100000 
25.000000 25.000000 25.000000 430.000000 430.000000 430.000000 1.000000 0.000000 122.500000 
26.000000 26.000000 26.000000 429.000000 429.000000 429.000000 1.000000 0.000000 121.900000 
27.000000 27.000000 27.000000 428.000000 428.000000 428.000000 1.000000 0.000000 121.300000 
28.000000 28.000000 28.000000 427.000000 427.000000 427.000000 1.000000 0.000000 120.700000 
29.000000 29.000000 29.000000 426.000000 426.000000 426.000000 1.000000 0.000000 120.100000 
30.000000 30.000000 30.000000 425.000000 425.000000 425.000000 1.000000 0.000000 119.500000 
31.000000 31.000000 31.000000 424.000000 424.000000 424.000000 1.000000 0.000000 118.900000 
32.000000 32.000000 32.000000 423.000000 423.000000 423.000000 1.000000 0.000000 118.300000 
33.000000 33.000000 33.000000 422.000000 422.000000 422.000000 1.000000 0.000000 117.700000 
34.000000 34.000000 34.000000 421.000000 421.000000 421.000000 1.000000 0.000000 117.100000 
35.000000 35.000000 35.000000 420.000000 420.000000 420.000000 1.000000 0.000000 116.500000 
36.000000 36.000000 36.000000 419.000000 419.000000 419.000000 1.000000 0.000000 115.900000 
37.000000 37.000000 37.000000 418.000000 418.000000 418.000000 1.000000 0.000000 115.300000 
38.000000 38.000000 38.000000 417.000000 417.000000 417.000000 1.000000 0.000000 114.700000 
39.000000 39.000000 39.000000 416.000000 416.000000 416.000000 1.000000 0.000000 114.100000 
40.000000 40.000000 40.000000 415.000000 415.000000 415.000000 1.000000 0.000000 113.500000 
41.000000 41.000000 41.000000 414.000000 414.000000 414.000000 1.000000 0.000000 112.900000 
42.000000 42.000000 42.000000 413.000000 413.000000 413.000000 1.000000 0.000000 112.300000 
43.000000 43.000000 43.000000 412.000000 412.000000 412.000000 1.000000 0.000000 111.700000 
44.000000 44.000000 44.000000 411.000000 411.000000 411.000000 1.000000 0.000000 111.100000 
45.000000 45.000000 45.000000 410.000000 410.000000 410.000000 1.000000 0.000000 110.500000 
46.000000 46.000000 46.000000 409.000000 409.000000 409.000000 1.000000 0.000000 109.900000 
47.000000 47.000000 47.000000 408.000000 408.000000 408.000000 1.000000 0.000000 109.300000 
48.000000 48.000000 48.000000 407.000000 407.000000 407.000000 1.000000 0.000000 108.700000 
49.000000 49.000000 49.000000 406.000000 406.000000 406.000000 1.000000 0.000000 108.100000 
50.000000 50.000000 50.000000 405.000000 405.000000 405.000000 1.000000 0.000000 107.500000 
51.000000 51.000000 51.000000 404.000000 404.000000 404.000000 1.000000 0.000000 106.900000 
52.000000 52.000000 52.000000 403.000000 403.000000 403.000000 1.000000 0.000000 106.300000 
53.000000 53.000000 53.000000 402.000000 402.000000 402.000000 1.000000 0.000000 105.700000 
54.000000 54.000000 54.000000 401.000000 401.000000 401.000000 1.000000 0.000000 105.100000 
55.000000 55.000000 55.000000 400.000000 400.000000 400.000000 1.000000 0.000000 104.500000 
56.000000 56.000000 56.000000 399.000000 399.000000 399.000000 1.000000 0.000000 103.900000 
57.000000 57.000000 57.000000 398.000000 398.000000 398.000000 1.000000 0.000000 103.300000 
58.000000 58.000000 58.000000 397.000000 397.000000 397.000000 1.000000 0.000000 102.700000 
59.000000 59.000000 59.000000 396.000000 396.000000 396.000000 1.000000 0.000000 102.100000 
60.000000 60.000000 60.000000 395.000000 395.000000 395.000000 1.000000 0.000000 101.500000 
61.000000 61.000000 61.000000 394.000000 394.000000 394.000000 1.000000 0.000000 100.900000 
62.000000 62.000000 62.000000 393.000000 393.000000 393.000000 1.000000 0.000000 100.300000 
63.000000 63.000000 63.000000 392.000000 392.000000 392.000000 1.000000 0.000000 99.700000 
64.000000 64.000000 64.000000 391.000000 391.000000 391.000000 1.000000 0.000000 99.100000 
65.000000 65.000000 65.000000 390.000000 390.000000 390.000000 1.000000 0.000000 98.500000 
66.000000 66.000000 66.000000 389.000000 389.000000 389.000000 1.000000 0.000000 97.900000 
67.000000 67.000000 67.000000 388.000000 388.000000 388.000000 1.000000 0.000000 97.300000 
68.000000 68.000000 68.000000 387.000000 387.000000 387.000000 1.000000 0.000000 96.700000 
69.000000 69.000000 69.000000 386.000000 386.000000 386.000000 1.000000 0.000000 96.100000 
70.000000 70.000000 70.000000 385.000000 385.000000 385.000000 1.000000 0.000000 95.500000 
71.000000 71.000000 71.000000 384.000000 384.000000 384.000000 1.000000 0.000000 94.900000 
72.000000 72.000000 72.000000 383.000000 383.000000 383.000000 1.000000 0.000000 94.300000 
73.000000 73.000000 73.000000 382.000000 382.000000 382.000000 1.000000 0.000000 93.700000 
74.000000 74.000000 74.000000 381.000000 381.000000 381.000000 1.000000 0.000000 93.100000 
75.000000 75.000000 75.000000 380.000000 380.000000 380.000000 1.000000 0.000000 92.500000 
76.000000 76.000000 76.000000 379.000000 379.000000 379.000000 1.000000 0.000000 91.900000 
77.000000 77.000000 77.000000 378.000000 378.000000 378.000000 1.000000 0.000000 91.300000 
78.000000 78.000000 78.000000 377.000000 377.000000 377.000000 1.000000 0.000000 90.700000 
79.000000 79.000000 79.000000 376.000000 376.000000 376.000000 1.000000 0.000000 90.100000 
80.000000 80.000000 80.000000 375.000000 375.000000 375.000000 1.000000 0.000000 89.500000 
81.000000 81.000000 81.000000 374.000000 374.000000 374.000000 1.000000 0.000000 88.900000 
82.000000 82.000000 82.000000 373.000000 373.000000 373.000000 1.000000 0.000000 88.300000 
83.000000 83.000000 83.000000 372.000000 372.000000 372.000000 1.000000 0.000000 87.700000 
84.000000 84.000000 84.000000 371.000000 371.000000 371.000000 1.000000 0.000000 87.100000 
85.000000 85.000000 85.000000 370.000000 370.000000 370.000000 1.000000 0.000000 86.500000 
86.000000 86.000000 86.000000 369.000000 369.000000 369.000000 1.000000 0.000000 85.900000 
87.000000 87.000000 87.000000 368.000000 368.000000 368.000000 1.000000 0.000000 85.300000 
88.000000 88.000000 88.000000 367.000000 367.000000 367.000000 1.000000 0.000000 84.700000 
89.000000 89.000000 89.000000 366.000000 366.000000 366.000000 1.000000 0.000000 84.100000 
90.000000 90.000000 90.000000 365.000000 365.000000 365.000000 1.000000 0.000000 83.500000 
91.000000 91.000000 91.000000 364.000000 364.000000 364.000000 1.000000 0.000000 82.900000 
92.000000 92.000000 92.000000 363.000000 363.000000 363.000000 1.000000 0.000000 82.300000 
93.000000 93.000000 93.000000 362.000000 362.000000 362.000000 1.000000 0.000000 81.700000 
94.000000 94.000000 94.000000 361.000000 361.000000 361.000000 1.000000 0.000000 81.100000 
95.000000 95.000000 95.000000 360.000000 360.000000 360.000000 1.000000 0.000000 80.500000 
96.000000 96.000000 96.000000 359.000000 359.000000 359.000000 1.000000 0.000000 79.900000 
97.000000 97.000000 97.000000 358.000000 358.000000 358.000000 1.000000 0.000000 79.300000 
98.000000 98.000000 98.000000 357.000000 357.000000 357.000000 1.000000 0.000000 78.700000 
99.000000 99.000000 99.000000 356.000000 356.000000 356.000000 1.000000 0.000000 78.100000 
100.000000 100.000000 100.000000 355.000000 355.000000 355.000000 1.000000 0.000000 77.500000 
101.000000 101.000000 101.000000 354.000000 354.000000 354.000000 1.000000 0.000000 76.900000 
102.000000 102.000000 102.000000 353.000000 353.000000 353.000000 1.000000 0.000000 76.300000 
103.000000 103.000000 103.000000 352.000000 352.000000 352.000000 1.000000 0.000000 75.700000 
104.000000 104.000000 104.000000 351.000000 351.000000 351.000000 1.000000 0.000000 75.100000 
105.000000 105.000000 105.000000 350.000000 350.000000 350.000000 1.000000 0.000000 74.500000 
106.000000 106.000000 106.000000 349.000000 349.000000 349.000000 1.000000 0.000000 73.900000 
107.000000 107.000000 107.000000 348.000000 348.000000 348.000000 1.000000 0.000000 73.300000 
108.000000 108.000000 108.000000 347.000000 347.000000 347.000000 1.000000 0.000000 72.700000 
109.000000 109.000000 109.000000 346.000000 346.000000 346.000000 1.000000 0.000000 72.100000 
110.000000 110.000000 110.000000 345.000000 345.000000 345.000000 1.000000 0.000000 71.500000 
111.000000 111.000000 111.000000 344.000000 344.000000 344.000000 1.000000 0.000000 70.900000 
112.000000 112.000000 112.000000 343.000000 343.000000 343.000000 1.000000 0.000000 70.300000 
113.000000 113.000000 113.000000 342.000000 342.000000 342.000000 1.000000 0.000000 69.700000 
114.000000 114.000000 114.000000 341.000000 341.000000 341.000000 1.000000 0.000000 69.100000 
115.000000 115.000000 115.000000 340.000000 340.000000 340.000000 1.000000 0.000000 68.500000 
116.000000 116.000000 116.000000 339.000000 339.000000 339.000000 1.000000 0.000000 67.900000 
117.000000 117.000000 117.000000 338.000000 338.000000 338.000000 1.000000 0.000000 67.300000 
118.000000 118.000000 118.000000 337.000000 337.000000 337.000000 1.000000 0.000000 66.700000 
119.000000 119.000000 119.000000 336.000000 336.000000 336.000000 1.000000 0.000000 66.100000 
120.000000 120.000000 120.000000 335.000000 335.000000 335.000000 1.000000 0.000000 65.500000 
121.000000 121.000000 121.000000 334.000000 334.000000 334.000000 1.000000 0.000000 64.900000 
122.000000 122.000000 122.000000 333.000000 333.000000 333.000000 1.000000 0.000000 64.300000 
123.000000 123.000000 123.000000 332.000000 332.000000 332.000000 1.000000 0.000000 63.700000 
124.000000 124.000000 124.000000 331.000000 331.000000 331.000000 1.000000 0.000000 63.100000 
125.000000 125.000000 125.000000 330.000000 330.000000 330.000000 1.000000 0.000000 62.500000 
126.000000 126.000000 126.000000 329.000000 329.000000 329.000000 1.000000 0.000000 61.900000 
127.000000 127.000000 127.000000 328.000000 328.000000 328.000000 1.000000 0.000000 61.300000 
128.000000 128.000000 128.000000 327.000000 327.000000 327.000000 1.000000 0.000000 60.700000 
129.000000 129.000000 129.000000 326.000000 326.000000 326.000000 1.000000 0.000000 60.100000 
130.000000 130.000000 130.000000 325.000000 325.000000 325.000000 1.000000 0.000000 59.500000 
131.000000 131.000000 131.000000 324.000000 324.000000 324.000000 1.000000 0.000000 58.900000 
132.000000 132.000000 132.000000 323.000000 323.000000 323.000000 1.000000 0.000000 58.300000 
133.000000 133.000000 133.000000 322.000000 322.000000 322.000000 1.000000 0.000000 57.700000 
134.000000 134.000000 134.000000 321.000000 321.000000 321.000000 1.000000 0.000000 57.100000 
135.000000 135.000000 135.000000 320.000000 320.000000 320.000000 1.000000 0.000000 56.500000 
136.000000 136.000000 136.000000 319.000000 319.000000 319.000000 1.000000 0.000000 55.900000 
137.000000 137.000000 137.000000 318.000000 318.000000 318.000000 1.000000 0.000000 55.300000 
138.000000 138.000000 138.000000 317.000000 317.000000 317.000000 1.000000 0.000000 54.700000 
139.000000 139.000000 139.000000 316.000000 316.000000 316.000000 1.000000 0.000000 54.100000 
140.000000 140.000000 140.000000 315.000000 315.000000 315.000000 1.000000 0.000000 53.500000 
141.000000 141.000000 141.000000 314.000000 314.000000 314.000000 1.000000 0.000000 52.900000 
142.000000 142.000000 142.000000 313.000000 313.000000 313.000000 1.000000 0.000000 52.300000 
143.000000 143.000000 143.000000 312.000000 312.000000 312.000000 1.000000 0.000000 51.700000 
144.000000 144.000000 144.000000 311.000000 311.000000 311.000000 1.000000 0.000000 51.100000 
145.000000 145.000000 145.000000 310.000000 310.000000 310.000000 1.000000 0.000000 50.500000 
146.000000 146.000000 146.000000 309.000000 309.000000 309.000000 1.000000 0.000000 49.900000 
147.000000 147.000000 147.000000 308.000000 308.000000 308.000000 1.000000 0.000000 49.300000 
148.000000 148.000000 148.000000 307.000000 307.000000 307.000000 1.000000 0.000000 48.700000 
149.000000 149.000000 149.000000 306.000000 306.000000 306.000000 1.000000 0.000000 48.100000 
150.000000 150.000000 150.000000 305.000000 305.000000 305.000000 1.000000 0.000000 47.500000 
151.000000 151.000000 151.000000 304.000000 304.000000 304.000000 1.000000 0.000000 46.900000 
152.000000 152.000000 152.000000 303.000000 303.000000 303.000000 1.000000 0.000000 46.300000 
153.000000 153.000000 153.000000 302.000000 302.000000 302.000000 1.000000 0.000000 45.700000 
154.000000 154.000000 154.000000 301.000000 301.000000 301.000000 1.000000 0.000000 45.100000 
155.000000 155.000000 155.000000 300.000000 300.000000 300.000000 1.000000 0.000000 44.500000 
156.000000 156.000000 156.000000 299.000000 299.000000 299.000000 1.000000 0.000000 43.900000 
157.000000 157.000000 157.000000 298.000000 298.000000 298.000000 1.000000 0.000000 43.300000 
158.000000 158.000000 158.000000 297.000000 297.000000 297.000000 1.000000 0.000000 42.700000 
159.000000 159.000000 159.000000 296.000000 296.000000 296.000000 1.000000 0.000000 42.100000 
160.000000 160.000000 160.000000 295.000000 295.000000 295.000000 1.000000 0.000000 41.500000 
161.000000 161.000000 161.000000 294.000000 294.000000 294.000000 1.000000 0.000000 40.900000 
162.000000 162.000000 162.000000 293.000000 293.000000 293.000000 1.000000 0.000000 40.300000 
163.000000 163.000000 163.000000 292.000000 292.000000 292.000000 1.000000 0.000000 39.700000 
164.000000 164.000000 164.000000 291.000000 291.000000 291.000000 1.000000 0.000000 39.100000 
165.000000 165.000000 165.000000 290.000000 290.000000 290.000000 1.000000 0.000000 38.500000 
166.000000 166.000000 166.000000 289.000000 289.000000 289.000000 1.000000 0.000000 37.900000 
167.000000 167.000000 167.000000 288.000000 288.000000 288.000000 1.000000 0.000000 37.300000 
168.000000 168.000000 168.000000 287.000000 287.000000 287.000000 1.000000 0.000000 36.700000 
169.000000 169.000000 169.000000 286.000000 286.000000 286.000000 1.000000 0.000000 36.100000 
170.000000 170.000000 170.000000 285.000000 285.000000 285.000000 1.000000 0.000000 35.500000 
171.000000 171.000000 171.000000 284.000000 284.000000 284.000000 1.000000 0.000000 34.900000 
172.000000 172.000000 172.000000 283.000000 283.000000 283.000000 1.000000 0.000000 34.300000 
173.000000 173.000000 173.000000 282.000000 282.000000 282.000000 1.000000 0.000000 33.700000 
174.000000 174.000000 174.000000 281.000000 281.000000 281.000000 1.000000 0.000000 33.100000 
175.000000 175.000000 175.000000 280.000000 280.000000 280.000000 1.000000 0.000000 32.500000 
176.000000 176.000000 176.000000 279.000000 279.000000 279.000000 1.000000 0.000000 31.900000 
177.000000 177.000000 177.000000 278.000000 278.000000 278.000000 1.000000 0.000000 31.300000 
178.000000 178.000000 178.000000 277.000000 277.000000 277.000000 1.000000 0.000000 30.700000 
179.000000 179.000000 179.000000 276.000000 276.000000 276.000000 1.000000 0.000000 30.100000 
180.000000 180.000000 180.000000 275.000000 275.000000 275.000000 1.000000 0.000000 29.500000 
181.000000 181.000000 181.000000 274.000000 274.000000 274.000000 1.000000 0.000000 28.900000 
182.000000 182.000000 182.000000 273.000000 273.000000 273.000000 1.000000 0.000000 28.300000 
183.000000 183.000000 183.000000 272.000000 272.000000 272.000000 1.000000 0.000000 27.700000 
184.000000 184.000000 184.000000 271.000000 271.000000 271.000000 1.000000 0.000000 27.100000 
185.000000 185.000000 185.000000 270.000000 270.000000 270.000000 1.000000 0.000000 26.500000 
186.000000 186.000000 186.000000 269.000000 269.000000 269.000000 1.000000 0.000000 25.900000 
187.000000 187.000000 187.000000 268.000000 268.000000 268.000000 1.000000 0.000000 25.300000 
188.000000 188.000000 188.000000 267.000000 267.000000 267.000000 1.000000 0.000000 24.700000 
189.000000 189.000000 189.000000 266.000000 266.000000 266.000000 1.000000 0.000000 24.100000 
190.000000 190.000000 190.000000 265.000000 265.000000 265.000000 1.000000 0.000000 23.500000 
191.000000 191.000000 191.000000 264.000000 264.000000 264.000000 1.000000 0.000000 22.900000 
192.000000 192.000000 192.000000 263.000000 263.000000 263.000000 1.000000 0.000000 22.300000 
193.000000 193.000000 193.000000 262.000000 262.000000 262.000000 1.000000 0.000000 21.700000 
194.000000 194.000000 194.000000 261.000000 261.000000 261.000000 1.000000 0.000000 21.100000 
195.000000 195.000000 195.000000 260.000000 260.000000 260.000000 1.000000 0.000000 20.500000 
196.000000 196.000000 196.000000 259.000000 259.000000 259.000000 1.000000 0.000000 19.900000 
197.000000 197.000000 197.000000 258.000000 258.000000 258.000000 1.000000 0.000000 19.300000 
198.000000 198.000000 198.000000 257.000000 257.000000 257.000000 1.000000 0.000000 18.700000 
199.000000 199.000000 199.000000 256.000000 256.000000 256.000000 1.000000 0.000000 18.100000 
200.000000 200.000000 200.000000 255.000000 255.000000 255.000000 1.000000 0.000000 17.500000 
201.000000 201.000000 201.000000 254.000000 254.000000 254.000000 1.000000 0.000000 16.900000 
202.000000 202.000000 202.000000 253.000000 253.000000 253.000000 1.000000 0.000000 16.300000 
203.000000 203.000000 203.000000 252.000000 252.000000 252.000000 1.000000 0.000000 15.700000 
204.000000 204.000000 204.000000 251.000000 251.000000 251.000000 1.000000 0.000000 15.100000 
205.000000 205.000000 205.000000 250.000000 250.000000 250.000000 1.000000 0.000000 14.500000 
206.000000 206.000000 206.000000 249.000000 249.000000 249.000000 1.000000 0.000000 13.900000 
207.000000 207.000000 207.000000 248.000000 248.000000 248.000000 1.000000 0.000000 13.300000 
208.000000 208.000000 208.000000 247.000000 247.000000 247.000000 1.000000 0.000000 12.700000 
209.000000 209.000000 209.000000 246.000000 246.000000 246.000000 1.000000 0.000000 12.100000 
210.000000 210.000000 210.000000 245.000000 245.000000 245.000000 1.000000 0.000000 11.500000 
211.000000 211.000000 211.000000 244.000000 244.000000 244.000000 1.000000 0.000000 10.900000 
212.000000 212.000000 212.000000 243.000000 243.000000 243.000000 1.000000 0.000000 10.300000 
213.000000 213.000000 213.000000 242.000000 242.000000 242.000000 1.000000 0.000000 9.700000 
214.000000 214.000000 214.000000 241.000000 241.000000 241.000000 1.000000 0.000000 9.100000 
215.000000 215.000000 215.000000 240.000000 240.000000 240.000000 1.000000 0.000000 8.500000 
216.000000 216.000000 216.000000 239.000000 239.000000 239.000000 1.000000 0.000000 7.900000 
217.000000 217.000000 217.000000 238.000000 238.000000 238.000000 1.000000 0.000000 7.300000 
218.000000 218.000000 218.000000 237.000000 237.000000 237.000000 1.000000 0.000000 6.700000 
219.000000 219.000000 219.000000 236.000000 236.000000 236.000000 1.000000 0.000000 6.100000 
220.000000 220.000000 220.000000 235.000000 235.000000 235.000000 1.000000 0.000000 5.500000 
221.000000 221.000000 221.000000 234.000000 234.000000 234.000000 1.000000 0.000000 4.900000 
222.000000 222.000000 222.000000 233.000000 233.000000 233.000000 1.000000 0.000000 4.300000 
223.000000 223.000000 223.000000 232.000000 232.000000 232.000000 1.000000 0.000000 3.700000 
224.000000 224.000000 224.000000 231.000000 231.000000 231.000000 1.000000 0.000000 3.100000 
225.000000 225.000000 225.000000 230.000000 230.000000 230.000000 1.000000 0.000000 2.500000 
226.000000 226.000000 226.000000 229.000000 229.000000 229.000000 1.000000 0.000000 1.900000 
227.000000 227.000000 227.000000 228.000000 228.000000 228.000000 1.000000 0.000000 1.300000 
228.000000 228.000000 228.000000 227.000000 227.000000 227.000000 1.000000 0.100000 0.700000 
229.000000 229.000000 229.000000 226.000000 226.000000 226.000000 1.000000 0.700000 0.100000 
230.000000 230.000000 230.000000 225.000000 225.000000 225.000000 1.000000 1.300000 0.000000 
231.000000 231.000000 231.000000 224.000000 224.000000 224.000000 1.000000 1.900000 0.000000 
232.000000 232.000000 232.000000 223.000000 223.000000 223.000000 1.000000 2.500000 0.000000 
233.000000 233.000000 233.000000 222.000000 222.000000 222.000000 1.000000 3.100000 0.000000 
234.000000 234.000000 234.000000 221.000000 221.000000 221.000000 1.000000 3.700000 0.000000 
235.000000 235.000000 235.000000 220.000000 220.000000 220.000000 1.000000 4.300000 0.000000 
236.000000 236.000000 236.000000 219.000000 219.000000 219.000000 1.000000 4.900000 0.000000 
237.000000 237.000000 237.000000 218.000000 218.000000 218.000000 1.000000 5.500000 0.000000 
238.000000 238.000000 238.000000 217.000000 217.000000 217.000000 1.000000 6.100000 0.000000 
239.000000 239.000000 239.000000 216.000000 216.000000 216.000000 1.000000 6.700000 0.000000 
240.000000 240.000000 240.000000 215.000000 215.000000 215.000000 1.000000 7.300000 0.000000 
241.000000 241.000000 241.000000 214.000000 214.000000 214.000000 1.000000 7.900000 0.000000 
242.000000 242.000000 242.000000 213.000000 213.000000 213.000000 1.000000 8.500000 0.000000 
243.000000 243.000000 243.000000 212.000000 212.000000 212.000000 1.000000 9.100000 0.000000 
244.000000 244.000000 244.000000 211.000000 211.000000 211.000000 1.000000 9.700000 0.000000 
245.000000 245.000000 245.000000 210.000000 210.000000 210.000000 1.000000 10.300000 0.000000 
246.000000 246.000000 246.000000 209.000000 209.000000 209.000000 1.000000 10.900000 0.000000 
247.000000 247.000000 247.000000 208.000000 208.000000 208.000000 1.000000 11.500000 0.000000 
248.000000 248.000000 248.000000 207.000000 207.000000 207.000000 1.000000 12.100000 0.000000 
249.000000 249.000000 249.000000 206.000000 206.000000 206.000000 1.000000 12.700000 0.000000 
250.000000 250.000000 250.000000 205.000000 205.000000 205.000000 1.000000 13.300000 0.000000 
251.000000 251.000000 251.000000 204.000000 204.000000 204.000000 1.000000 13.900000 0.000000 
252.000000 252.000000 252.000000 203.000000 203.000000 203.000000 1.000000 14.500000 0.000000 
253.000000 253.000000 253.000000 202.000000 202.000000 202.000000 1.000000 15.100000 0.000000 
254.000000 254.000000 254.000000 201.000000 201.000000 201.000000 1.000000 15.700000 0.000000 
255.000000 255.000000 255.000000 200.000000 200.000000 200.000000 1.000000 16.300000 0.000000 
199.000000 199.000000 199.000000 256.000000 256.000000 256.000000 1.000000 16.900000 0.000000 
198.000000 198.000000 198.000000 257.000000 257.000000 257.000000 1.000000 0.000000 17.500000 
197.000000 197.000000 197.000000 258.000000 258.000000 258.000000 1.000000 0.000000 18.100000 
196.000000 196.000000 196.000000 259.000000 259.000000 259.000000 1.000000 0.000000 18.700000 
195.000000 195.000000 195.000000 260.000000 260.000000 260.000000 1.000000 0.000000 19.300000 
194.000000 194.000000 194.000000 261.000000 261.000000 261.000000 1.000000 0.000000 19.900000 
193.000000 193.000000 193.000000 262.000000 262.000000 262.000000 1.000000 0.000000 20.500000 
192.000000 192.000000 192.000000 263.000000 263.000000 263.000000 1.000000 0.000000 21.100000 
191.000000 191.000000 191.000000 264.000000 264.000000 264.000000 1.000000 0.000000 21.700000 
190.000000 190.000000 190.000000 265.000000 265.000000 265.000000 1.000000 0.000000 22.300000 
189.000000 189.000000 189.000000 266.000000 266.000000 266.000000 1.000000 0.000000 22.900000 
188.000000 188.000000 188.000000 267.000000 267.000000 267.000000 1.000000 0.000000 23.500000 
187.000000 187.000000 187.000000 268.000000 268.000000 268.000000 1.000000 0.000000 24.100000 
186.000000 186.000000 186.000000 269.000000 269.000000 269.000000 1.000000 0.000000 24.700000 
185.000000 185.000000 185.000000 270.000000 270.000000 270.000000 1.000000 0.000000 25.300000 
184.000000 184.000000 184.000000 271.000000 271.000000 271.000000 1.000000 0.000000 25.900000 
183.000000 183.000000 183.000000 272.000000 272.000000 272.000000 1.000000 0.000000 26.500000 
182.000000 182.000000 182.000000 273.000000 273.000000 273.000000 1.000000 0.000000 27.100000 
181.000000 181.000000 181.000000 274.000000 274.000000 274.000000 1.000000 0.000000 27.700000 
180.000000 180.000000 180.000000 275.000000 275.000000 275.000000 1.000000 0.000000 28.300000 
179.000000 179.000000 179.000000 276.000000 276.000000 276.000000 1.000000 0.000000 28.900000 
178.000000 178.000000 178.000000 277.000000 277.000000 277.000000 1.000000 0.000000 29.500000 
177.000000 177.000000 177.000000 278.000000 278.000000 278.000000 1.000000 0.000000 30.100000 
176.000000 176.000000 176.000000 279.000000 279.000000 279.000000 1.000000 0.000000 30.700000 
175.000000 175.000000 175.000000 280.000000 280.000000 280.000000 1.000000 0.000000 31.300000 
174.000000 174.000000 174.000000 281.000000 281.000000 281.000000 1.000000 0.000000 31.900000 
173.000000 173.000000 173.000000 282.000000 282.000000 282.000000 1.000000 0.000000 32.500000 
172.000000 172.000000 172.000000 283.000000 283.000000 283.000000 1.000000 0.000000 33.100000 
171.000000 171.000000 171.000000 284.000000 284.000000 284.000000 1.000000 0.000000 33.700000 
170.000000 170.000000 170.000000 285.000000 285.000000 285.000000 1.000000 0.000000 34.300000 
169.000000 169.000000 169.000000 286.000000 286.000000 286.000000 1.000000 0.000000 34.900000 
168.000000 168.000000 168.000000 287.000000 287.000000 287.000000 1.000000 0.000000 35.500000 
167.000000 167.000000 167.000000 288.000000 288.000000 288.000000 1.000000 0.000000 36.100000 
166.000000 166.000000 166.000000 289.000000 289.000000 289.000000 1.000000 0.000000 36.700000 
165.000000 165.000000 165.000000 290.000000 290.000000 290.000000 1.000000 0.000000 37.300000 
164.000000 164.000000 164.000000 291.000000 291.000000 291.000000 1.000000 0.000000 37.900000 
163.000000 163.000000 163.000000 292.000000 292.000000 292.000000 1.000000 0.000000 38.500000 
162.000000 162.000000 162.000000 293.000000 293.000000 293.000000 1.000000 0.000000 39.100000 
161.000000 161.000000 161.000000 294.000000 294.000000 294.000000 1.000000 0.000000 39.700000 
160.000000 160.000000 160.000000 295.000000 295.000000 295.000000 1.000000 0.000000 40.300000 
159.000000 159.000000 159.000000 296.000000 296.000000 296.000000 1.000000 0.000000 40.900000 
158.000000 158.000000 158.000000 297.000000 297.000000 297.000000 1.000000 0.000000 41.500000 
157.000000 157.000000 157.000000 298.000000 298.000000 298.000000 1.000000 0.000000 42.100000 
156.000000 156.000000 156.000000 299.000000 299.000000 299.000000 1.000000 0.000000 42.700000 
155.000000 155.000000 155.000000 300.000000 300.000000 300.000000 1.000000 0.000000 43.300000 
154.000000 154.000000 154.000000 301.000000 301.000000 301.000000 1.000000 0.000000 43.900000 
153.000000 153.000000 153.000000 302.000000 302.000000 302.000000 1.000000 0.000000 44.500000 
152.000000 152.000000 152.000000 303.000000 303.000000 303.000000 1.000000 0.000000 45.100000 
151.000000 151.000000 151.000000 304.000000 304.000000 304.000000 1.000000 0.000000 45.700000 
150.000000 150.000000 150.000000 305.000000 305.000000 305.000000 1.000000 0.000000 46.300000 
149.000000 149.000000 149.000000 306.000000 306.000000 306.000000 1.000000 0.000000 46.900000 
148.000000 148.000000 148.000000 307.000000 307.000000 307.000000 1.000000 0.000000 47.500000 
147.000000 147.000000 147.000000 308.000000 308.000000 308.000000 1.000000 0.000000 48.100000 
146.000000 146.000000 146.000000 309.000000 309.000000 309.000000 1.000000 0.000000 48.700000 
145.000000 145.000000 145.000000 310.000000 310.000000 310.000000 1.000000 0.000000 49.300000 
144.000000 144.000000 144.000000 311.000000 311.000000 311.000000 1.000000 0.000000 49.900000 
143.000000 143.000000 143.000000 312.000000 312.000000 312.000000 1.000000 0.000000 50.500000 
142.000000 142.000000 142.000000 313.000000 313.000000 313.000000 1.000000 0.000000 51.100000 
141.000000 141.000000 141.000000 314.000000 314.000000 314.000000 1.000000 0.000000 51.700000 
140.000000 140.000000 140.000000 315.000000 315.000000 315.000000 1.000000 0.000000 52.300000 
139.000000 139.000000 139.000000 316.000000 316.000000 316.000000 1.000000 0.000000 52.900000 
138.000000 138.000000 138.000000 317.000000 317.000000 317.000000 1.000000 0.000000 53.500000 
137.000000 137.000000 137.000000 318.000000 318.000000 318.000000 1.000000 0.000000 54.100000 
136.000000 136.000000 136.000000 319.000000 319.000000 319.000000 1.000000 0.000000 54.700000 
135.000000 135.000000 135.000000 320.000000 320.000000 320.000000 1.000000 0.000000 55.300000 
134.000000 134.000000 134.000000 321.000000 321.000000 321.000000 1.000000 0.000000 55.900000 
133.000000 133.000000 133.000000 322.000000 322.000000 322.000000 1.000000 0.000000 56.500000 
132.000000 132.000000 132.000000 323.000000 323.000000 323.000000 1.000000 0.000000 57.100000 
131.000000 131.000000 131.000000 324.000000 324.000000 324.000000 1.000000 0.000000 57.700000 
130.000000 130.000000 130.000000 325.000000 325.000000 325.000000 1.000000 0.000000 58.300000 
129.000000 129.000000 129.000000 326.000000 326.000000 326.000000 1.000000 0.000000 58.900000 
128.000000 128.000000 128.000000 327.000000 327.000000 327.000000 1.000000 0.000000 59.500000 
127.000000 127.000000 127.000000 328.000000 328.000000 328.000000 1.000000 0.000000 60.100000 
126.000000 126.000000 126.000000 329.000000 329.000000 329.000000 1.000000 0.000000 60.700000 
125.000000 125.000000 125.000000 330.000000 330.000000 330.000000 1.000000 0.000000 61.300000 
124.000000 124.000000 124.000000 331.000000 331.000000 331.000000 1.000000 0.000000 61.900000 
123.000000 123.000000 123.000000 332.000000 332.000000 332.000000 1.000000 0.000000 62.500000 
122.000000 122.000000 122.000000 333.000000 333.000000 333.000000 1.000000 0.000000 63.100000 
121.000000 121.000000 121.000000 334.000000 334.000000 334.000000 1.000000 0.000000 63.700000 
120.000000 120.000000 120.000000 335.000000 335.000000 335.000000 1.000000 0.000000 64.300000 
119.000000 119.000000 119.000000 336.000000 336.000000 336.000000 1.000000 0.000000 64.900000 
118.000000 118.000000 118.000000 337.000000 337.000000 337.000000 1.000000 0.000000 65.500000 
117.000000 117.000000 117.000000 338.000000 338.000000 338.000000 1.000000 0.000000 66.100000 
116.000000 116.000000 116.000000 339.000000 339.000000 339.000000 1.000000 0.000000 66.700000 
115.000000 115.000000 115.000000 340.000000 340.000000 340.000000 1.000000 0.000000 67.300000 
114.000000 114.000000 114.000000 341.000000 341.000000 341.000000 1.000000 0.000000 67.900000 
113.000000 113.000000 113.000000 342.000000 342.000000 342.000000 1.000000 0.000000 68.500000 
112.000000 112.000000 112.000000 343.000000 343.000000 343.000000 1.000000 0.000000 69.100000 
111.000000 111.000000 111.000000 344.000000 344.000000 344.000000 1.000000 0.000000 69.700000 
110.000000 110.000000 110.000000 345.000000 345.000000 345.000000 1.000000 0.000000 70.300000 
109.000000 109.000000 109.000000 346.000000 346.000000 346.000000 1.000000 0.000000 70.900000 
108.000000 108.000000 108.000000 347.000000 347.000000 347.000000 1.000000 0.000000 71.500000 
107.000000 107.000000 107.000000 348.000000 348.000000 348.000000 1.000000 0.000000 72.100000 
106.000000 106.000000 106.000000 349.000000 349.000000 349.000000 1.000000 0.000000 72.700000 
105.000000 105.000000 105.000000 350.000000 350.000000 350.000000 1.000000 0.000000 73.300000 
104.000000 104.000000 104.000000 351.000000 351.000000 351.000000 1.000000 0.000000 73.900000 
103.000000 103.000000 103.000000 352.000000 352.000000 352.000000 1.000000 0.000000 74.500000 
102.000000 102.000000 102.000000 353.000000 353.000000 353.000000 1.000000 0.000000 75.100000 
101.000000 101.000000 101.000000 354.000000 354.000000 354.000000 1.000000 0.000000 75.700000 
100.000000 100.000000 100.000000 355.000000 355.000000 355.000000 1.000000 0.000000 76.300000 
99.000000 99.000000 99.000000 356.000000 356.000000 356.000000 1.000000 0.000000 76.900000 
98.000000 98.000000 98.000000 357.000000 357.000000 357.000000 1.000000 0.000000 77.500000 
97.000000 97.000000 97.000000 358.000000 358.000000 358.000000 1.000000 0.000000 78.100000 
96.000000 96.000000 96.000000 359.000000 359.000000 359.000000 1.000000 0.000000 78.700000 
95.000000 95.000000 95.000000 360.000000 360.000000 360.000000 1.000000 0.000000 79.300000 
94.000000 94.000000 94.000000 361.000000 361.000000 361.000000 1.000000 0.000000 79.900000 
93.000000 93.000000 93.000000 362.000000 362.000000 362.000000 1.000000 0.000000 80.500000 
92.000000 92.000000 92.000000 363.000000 363.000000 363.000000 1.000000 0.000000 81.100000 
91.000000 91.000000 91.000000 364.000000 364.000000 364.000000 1.000000 0.000000 81.700000 
90.000000 90.000000 90.000000 365.000000 365.000000 365.000000 1.000000 0.000000 82.300000 
89.000000 89.000000 89.000000 366.000000 366.000000 366.000000 1.000000 0.000000 82.900000 
88.000000 88.000000 88.000000 367.000000 367.000000 367.000000 1.000000 0.000000 83.500000 
87.000000 87.000000 87.000000 368.000000 368.000000 368.000000 1.000000 0.000000 84.100000 
86.000000 86.000000 86.000000 369.000000 369.000000 369.000000 1.000000 0.000000 84.700000 
85.000000 85.000000 85.000000 370.000000 370.000000 370.000000 1.000000 0.000000 85.300000 
84.000000 84.000000 84.000000 371.000000 371.000000 371.000000 1.000000 0.000000 85.900000 
83.000000 83.000000 83.000000 372.000000 372.000000 372.000000 1.000000 0.000000 86.500000 
82.000000 82.000000 82.000000 373.000000 373.000000 373.000000 1.000000 0.000000 87.100000 
81.000000 81.000000 81.000000 374.000000 374.000000 374.000000 1.000000 0.000000 87.700000 
80.000000 80.000000 80.000000 375.000000 375.000000 375.000000 1.000000 0.000000 88.300000 
79.000000 79.000000 79.000000 376.000000 376.000000 376.000000 1.000000 0.000000 88.900000 
78.000000 78.000000 78.000000 377.000000 377.000000 377.000000 1.000000 0.000000 89.500000 
77.000000 77.000000 77.000000 378.000000 378.000000 378.000000 1.000000 0.000000 90.100000 
76.000000 76.000000 76.000000 379.000000 379.000000 379.000000 1.000000 0.000000 90.700000 
75.000000 75.000000 75.000000 380.000000 380.000000 380.000000 1.000000 0.000000 91.300000 
74.000000 74.000000 74.000000 381.000000 381.000000 381.000000 1.000000 0.000000 91.900000 
73.000000 73.000000 73.000000 382.000000 382.000000 382.000000 1.000000 0.000000 92.500000 
72.000000 72.000000 72.000000 383.000000 383.000000 383.000000 1.000000 0.000000 93.100000 
71.000000 71.000000 71.000000 384.000000 384.000000 384.000000 1.000000 0.000000 93.700000 
70.000000 70.000000 70.000000 385.000000 385.000000 385.000000 1.000000 0.000000 94.300000 
69.000000 69.000000 69.000000 386.000000 386.000000 386.000000 1.000000 0.000000 94.900000 
68.000000 68.000000 68.000000 387.000000 387.000000 387.000000 1.000000 0.000000 95.500000 
67.000000 67.000000 67.000000 388.000000 388.000000 388.000000 1.000000 0.000000 96.100000 
66.000000 66.000000 66.000000 389.000000 389.000000 389.000000 1.000000 0.000000 96.700000 
65.000000 65.000000 65.000000 390.000000 390.000000 390.000000 1.000000 0.000000 97.300000 
64.000000 64.000000 64.000000 391.000000 391.000000 391.000000 1.000000 0.000000 97.900000 
63.000000 63.000000 63.000000 392.000000 392.000000 392.000000 1.000000 0.000000 98.500000 
62.000000 62.000000 62.000000 393.000000 393.000000 393.000000 1.000000 0.000000 99.100000 
61.000000 61.000000 61.000000 394.000000 394.000000 394.000000 1.000000 0.000000 99.700000 
60.000000 60.000000 60.000000 395.000000 395.000000 395.000000 1.000000 0.000000 100.300000 
59.000000 59.000000 59.000000 396.000000 396.000000 396.000000 1.000000 0.000000 100.900000 
58.000000 58.000000 58.000000 397.000000 397.000000 397.000000 1.000000 0.000000 101.500000 
57.000000 57.000000 57.000000 398.000000 398.000000 398.000000 1.000000 0.000000 102.100000 
56.000000 56.000000 56.000000 399.000000 399.000000 399.000000 1.000000 0.000000 102.700000 
55.000000 55.000000 55.000000 400.000000 400.000000 400.000000 1.000000 0.000000 103.300000 
54.000000 54.000000 54.000000 401.000000 401.000000 401.000000 1.000000 0.000000 103.900000 
53.000000 53.000000 53.000000 402.000000 402.000000 402.000000 1.000000 0.000000 104.500000 
52.000000 52.000000 52.000000 403.000000 403.000000 403.000000 1.000000 0.000000 105.100000 
51.000000 51.000000 51.000000 404.000000 404.000000 404.000000 1.000000 0.000000 105.700000 
50.000000 50.000000 50.000000 405.000000 405.000000 405.000000 1.000000 0.000000 106.300000 
49.000000 49.000000 49.000000 406.000000 406.000000 406.000000 1.000000 0.000000 106.900000 
48.000000 48.000000 48.000000 407.000000 407.000000 407.000000 1.000000 0.000000 107.500000 
47.000000 47.000000 47.000000 408.000000 408.000000 408.000000 1.000000 0.000000 108.100000 
46.000000 46.000000 46.000000 409.000000 409.000000 409.000000 1.000000 0.000000 108.700000 
45.000000 45.000000 45.000000 410.000000 410.000000 410.000000 1.000000 0.000000 109.300000 
44.000000 44.000000 44.000000 411.000000 411.000000 411.000000 1.000000 0.000000 109.900000 
43.000000 43.000000 43.000000 412.000000 412.000000 412.000000 1.000000 0.000000 110.500000 
42.000000 42.000000 42.000000 413.000000 413.000000 413.000000 1.000000 0.000000 111.100000 
41.000000 41.000000 41.000000 414.000000 414.000000 414.000000 1.000000 0.000000 111.700000 
40.000000 40.000000 40.000000 415.000000 415.000000 415.000000 1.000000 0.000000 112.300000 
39.000000 39.000000 39.000000 416.000000 416.000000 416.000000 1.000000 0.000000 112.900000 
38.000000 38.000000 38.000000 417.000000 417.000000 417.000000 1.000000 0.000000 113.500000 
37.000000 37.000000 37.000000 418.000000 418.000000 418.000000 1.000000 0.000000 114.100000 
36.000000 36.000000 36.000000 419.000000 419.000000 419.000000 1.000000 0.000000 114.700000 
35.000000 35.000000 35.000000 420.000000 420.000000 420.000000 1.000000 0.000000 115.300000 
34.000000 34.000000 34.000000 421.000000 421.000000 421.000000 1.000000 0.000000 115.900000 
33.000000 33.000000 33.000000 422.000000 422.000000 422.000000 1.000000 0.000000 116.500000 
32.000000 32.000000 32.000000 423.000000 423.000000 423.000000 1.000000 0.000000 117.100000 
31.000000 31.000000 31.000000 424.000000 424.000000 424.000000 1.000000 0.000000 117.700000 
30.000000 30.000000 30.000000 425.000000 425.000000 425.000000 1.000000 0.000000 118.300000 
29.000000 29.000000 29.000000 426.000000 426.000000 426.000000 1.000000 0.000000 118.900000 
28.000000 28.000000 28.000000 427.000000 427.000000 427.000000 1.000000 0.000000 119.500000 
27.000000 27.000000 27.000000 428.000000 428.000000 428.000000 1.000000 0.000000 120.100000 
26.000000 26.000000 26.000000 429.000000 429.000000 429.000000 1.000000 0.000000 120.700000 
25.000000 25.000000 25.000000 430.000000 430.000000 430.000000 1.000000 0.000000 121.300000 
24.000000 24.000000 24.000000 431.000000 431.000000 431.000000 1.000000 0.000000 121.900000 
23.000000 23.000000 23.000000 432.000000 432.000000 432.000000 1.000000 0.000000 122.500000 
22.000000 22.000000 22.000000 433.000000 433.000000 433.000000 1.000000 0.000000 123.100000 
21.000000 21.000000 21.000000 434.000000 434.000000 434.000000 1.000000 0.000000 123.700000 
20.000000 20.000000 20.000000 435.000000 435.000000 435.000000 1.000000 0.000000 124.300000 
19.000000 19.000000 19.000000 436.000000 436.000000 436.000000 1.000000 0.000000 124.900000 
18.000000 18.000000 18.000000 437.000000 437.000000 437.000000 1.000000 0.000000 125.500000 
17.000000 17.000000 17.000000 438.000000 438.000000 438.000000 1.000000 0.000000 126.100000 
16.000000 16.000000 16.000000 439.000000 439.000000 439.000000 1.000000 0.000000 126.700000 
15.000000 15.000000 15.000000 440.000000 440.000000 440.000000 1.000000 0.000000 127.300000 
14.000000 14.000000 14.000000 441.000000 441.000000 441.000000 1.000000 0.000000 127.900000 
13.000000 13.000000 13.000000 442.000000 442.000000 442.000000 1.000000 0.000000 128.500000 
12.000000 12.000000 12.000000 443.000000 443.000000 443.000000 1.000000 0.000000 129.100000 
11.000000 11.000000 11.000000 444.000000 444.000000 444.000000 1.000000 0.000000 129.700000 
10.000000 10.000000 10.000000 445.000000 445.000000 445.000000 1.000000 0.000000 130.300000 
9.000000 9.000000 9.000000 446.000000 446.000000 446.000000 1.000000 0.000000 130.900000 
8.000000 8.000000 8.000000 447.000000 447.000000 447.000000 1.000000 0.000000 131.500000 
7.000000 7.000000 7.000000 448.000000 448.000000 448.000000 1.000000 0.000000 132.100000 
6.000000 6.000000 6.000000 449.000000 449.000000 449.000000 1.000000 0.000000 132.700000 
5.000000 5.000000 5.000000 450.000000 450.000000 450.000000 1.000000 0.000000 133.300000 
4.000000 4.000000 4.000000 451.000000 451.000000 451.000000 1.000000 0.000000 133.900000 
3.000000 3.000000 3.000000 452.000000 452.000000 452.000000 1.000000 0.000000 134.500000 
2.000000 2.000000 2.000000 453.000000 453.000000 453.000000 1.000000 0.000000 135.100000 
1.000000 1.000000 1.000000 454.000000 454.000000 454.000000 1.000000 0.000000 135.700000 
0.000000 0.000000 0.000000 455.000000 455.000000 455.000000 1.000000 0.000000 136.300000 
0.000000 0.000000 0.000000 456.000000 456.000000 456.000000 1.000000 0.000000 136.900000 
0.000000 0.000000 0.000000 457.000000 457.000000 457.000000 1.000000 0.000000 137.200000 
0.000000 0.000000 0.000000 458.000000 458.000000 458.000000 1.000000 0.000000 137.500000 
0.000000 0.000000 0.000000 459.000000 459.000000 459.000000 1.000000 0.000000 137.800000 
0.000000 0.000000 0.000000 460.000000 460.000000 460.000000 1.000000 0.000000 138.100000 
0.000000 0.000000 0.000000 461.000000 461.000000 461.000000 1.000000 0.000000 138.400000 
0.000000 0.000000 0.000000 462.000000 462.000000 462.000000 1.000000 0.000000 138.700000 
0.000000 0.000000 0.000000 463.000000 463.000000 463.000000 1.000000 0.000000 139.000000 
0.000000 0.000000 0.000000 464.000000 464.000000 464.000000 1.000000 0.000000 139.300000 
0.000000 0.000000 0.000000 465.000000 465.000000 465.000000 1.000000 0.000000 139.600000 
0.000000 0.000000 0.000000 466.000000 466.000000 466.000000 1.000000 0.000000 139.900000 
0.000000 0.000000 0.000000 467.000000 467.000000 467.000000 1.000000 0.000000 140.200000 
0.000000 0.000000 0.000000 468.000000 468.000000 468.000000 1.000000 0.000000 140.500000 
0.000000 0.000000 0.000000 469.000000 469.000000 469.000000 1.000000 0.000000 140.800000 
0.000000 0.000000 0.000000 470.000000 470.000000 470.000000 1.000000 0.000000 141.100000 
0.000000 0.000000 0.000000 471.000000 471.000000 471.000000 1.000000 0.000000 141.400000 
0.000000 0.000000 0.000000 472.000000 472.000000 472.000000 1.000000 0.000000 141.700000 
0.000000 0.000000 0.000000 473.000000 473.000000 473.000000 1.000000 0.000000 142.000000 
0.000000 0.000000 0.000000 474.000000 474.000000 474.000000 1.000000 0.000000 142.300000 
0.000000 0.000000 0.000000 475.000000 475.000000 475.000000 1.000000 0.000000 142.600000 
0.000000 0.000000 0.000000 476.000000 476.000000 476.000000 1.000000 0.000000 142.900000 
0.000000 0.000000 0.000000 477.000000 477.000000 477.000000 1.000000 0.000000 143.200000 
0.000000 0.000000 0.000000 478.000000 478.000000 478.000000 1.000000 0.000000 143.500000 
0.000000 0.000000 0.000000 479.000000 479.000000 479.000000 1.000000 0.000000 143.800000 
0.000000 0.000000 0.000000 480.000000 480.000000 480.000000 1.000000 0.000000 144.100000 
0.000000 0.000000 0.000000 481.000000 481.000000 481.000000 1.000000 0.000000 144.400000 
0.000000 0.000000 0.000000 482.000000 482.000000 482.000000 1.000000 0.000000 144.700000 
0.000000 0.000000 0.000000 483.000000 483.000000 483.000000 1.000000 0.000000 145.000000 
0.000000 0.000000 0.000000 484.000000 484.000000 484.000000 1.000000 0.000000 145.300000 
0.000000 0.000000 0.000000 485.000000 485.000000 485.000000 1.000000 0.000000 145.600000 
0.000000 0.000000 0.000000 486.000000 486.000000 486.000000 1.000000 0.000000 145.900000 
0.000000 0.000000 0.000000 487.000000 487.000000 487.000000 1.000000 0.000000 146.200000 
0.000000 0.000000 0.000000 488.000000 488.000000 488.000000 1.000000 0.000000 146.500000 
0.000000 0.000000 0.000000 489.000000 489.000000 489.000000 1.000000 0.000000 146.800000 
0.000000 0.000000 0.000000 490.000000 490.000000 490.000000 1.000000 0.000000 147.100000 
0.000000 0.000000 0.000000 491.000000 491.000000 491.000000 1.000000 0.000000 147.400000 
0.000000 0.000000 0.000000 492.000000 492.000000 492.000000 1.000000 0.000000 147.700000 
0.000000 0.000000 0.000000 493.000000 493.000000 493.000000 1.000000 0.000000 148.000000 
0.000000 0.000000 0.000000 494.000000 494.000000 494.000000 1.000000 0.000000 148.300000 
0.000000 0.000000 0.000000 495.000000 495.000000 495.000000 1.000000 0.000000 148.600000 
0.000000 0.000000 0.000000 496.000000 496.000000 496.000000 1.000000 0.000000 148.900000 
0.000000 0.000000 0.000000 497.000000 497.000000 497.000000 1.000000 0.000000 149.200000 
0.000000 0.000000 0.000000 498.000000 498.000000 498.000000 1.000000 0.000000 149.500000 
0.000000 0.000000 0.000000 499.000000 499.000000 499.000000 1.000000 0.000000 149.800000 
0.000000 0.000000 0.000000 500.000000 500.000000 500.000000 1.000000 0.000000 150.100000 
0.000000 0.000000 0.000000 501.000000 501.000000 501.000000 1.000000 0.000000 150.400000 
0.000000 0.000000 0.000000 502.000000 502.000000 502.000000 1.000000 0.000000 150.700000 
0.000000 0.000000 0.000000 503.000000 503.000000 503.000000 1.000000 0.000000 151.000000 
0.000000 0.000000 0.000000 504.000000 504.000000 504.000000 1.000000 0.000000 151.300000 
0.000000 0.000000 0.000000 505.000000 505.000000 505.000000 1.000000 0.000000 151.600000 
0.000000 0.000000 0.000000 506.000000 506.000000 506.000000 1.000000 0.000000 151.900000 
0.000000 0.000000 0.000000 507.000000 507.000000 507.000000 1.000000 0.000000 152.200000 
0.000000 0.000000 0.000000 508.000000 508.000000 508.000000 1.000000 0.000000 152.500000 
