1.000000 0.000000 0.000000 0.000000 0.000000 
1.000000 0.000000 2.000000 2.000000 0.000000 
1.000000 0.000000 1.000000 1.000000 1.000000 
1.000000 0.000000 1.500000 1.000000 1.000000 
1.000000 0.000000 1.500000 0.750000 1.000000 
1.000000 0.000000 1.625000 0.750000 0.875000 
1.000000 0.000000 1.625000 0.750000 0.812500 
1.000000 0.000000 1.625000 0.781250 0.781250 
1.000000 0.000000 1.609375 0.796875 0.781250 
1.000000 0.000000 1.601563 0.804688 0.789063 
1.000000 0.000000 1.597656 0.804688 0.796875 
1.000000 0.000000 1.597656 0.802734 0.800781 
1.000000 0.000000 1.598633 0.800781 0.801758 
1.000000 0.000000 1.599609 0.799805 0.801270 
1.000000 0.000000 1.600098 0.799561 0.800537 
1.000000 0.000000 1.600220 0.799683 0.800049 
1.000000 0.000000 1.600159 0.799866 0.799866 
1.000000 0.000000 1.600067 0.799988 0.799866 
1.000000 0.000000 1.600006 0.800034 0.799927 
1.000000 0.000000 1.599983 0.800034 0.799980 
1.000000 0.000000 1.599983 0.800018 0.800007 
1.000000 0.000000 1.599991 0.800005 0.800013 
1.000000 0.000000 1.599998 0.799998 0.800009 
1.000000 0.000000 1.600001 0.799997 0.800004 
1.000000 0.000000 1.600002 0.799998 0.800000 
1.000000 0.000000 1.600001 0.799999 0.799999 
1.000000 0.000000 1.600000 0.800000 0.799999 
1.000000 0.000000 1.600000 0.800000 0.800000 
1.000000 0.000000 1.600000 0.800000 0.800000 
1.000000 0.000000 1.600000 0.800000 0.800000 
1.000000 0.000000 1.600000 0.800000 0.800000 
1.000000 0.000000 1.600000 0.800000 0.800000 
1.000000 0.000000 1.600000 0.800000 0.800000 
1.000000 0.000000 1.600000 0.800000 0.800000 
1.000000 0.000000 1.600000 0.800000 0.800000 
1.000000 0.000000 1.600000 0.800000 0.800000 
1.000000 0.000000 1.600000 0.800000 0.800000 
1.000000 0.000000 1.600000 0.800000 0.800000 
1.000000 0.000000 1.600000 0.800000 0.800000 
1.000000 0.000000 1.600000 0.800000 0.800000 
1.000000 0.000000 1.600000 0.800000 0.800000 
1.000000 0.000000 1.600000 0.800000 0.800000 
1.000000 0.000000 1.600000 0.800000 0.800000 
1.000000 0.000000 1.600000 0.800000 0.800000 
1.000000 0.000000 1.600000 0.800000 0.800000 
1.000000 0.000000 1.600000 0.800000 0.800000 
1.000000 0.000000 1.600000 0.800000 0.800000 
1.000000 0.000000 1.600000 0.800000 0.800000 
1.000000 0.000000 1.600000 0.800000 0.800000 
1.000000 0.000000 1.600000 0.800000 0.800000 
