0.268941 0 0 0 0
0.268941 0 0 0.400493 0.400493
0.268941 0.450105 0.450105 0.424754 0.424754
0.268941 0.422505 0.422505 0.453956 0.453956
0.268941 0.405349 0.405349 0.454056 0.454056
0.268941 0.396842 0.396842 0.452999 0.452999
0.268941 0.392737 0.392737 0.452407 0.452407
0.268941 0.390761 0.390761 0.452116 0.452116
0.268941 0.389809 0.389809 0.451975 0.451975
0.268941 0.38935 0.38935 0.451908 0.451908
0.268941 0.389129 0.389129 0.451875 0.451875
0.268941 0.389022 0.389022 0.451859 0.451859
0.268941 0.38897 0.38897 0.451852 0.451852
0.268941 0.388945 0.388945 0.451848 0.451848
0.268941 0.388933 0.388933 0.451846 0.451846
0.268941 0.388928 0.388928 0.451845 0.451845
0.268941 0.388925 0.388925 0.451845 0.451845
0.268941 0.388924 0.388924 0.451845 0.451845
0.268941 0.388923 0.388923 0.451845 0.451845
0.268941 0.388923 0.388923 0.451845 0.451845
0.268941 0.388922 0.388922 0.451845 0.451845
0.268941 0.388922 0.388922 0.451845 0.451845
0.268941 0.388922 0.388922 0.451845 0.451845
0.268941 0.388922 0.388922 0.451845 0.451845
0.268941 0.388922 0.388922 0.451845 0.451845
0.268941 0.388922 0.388922 0.451845 0.451845
0.268941 0.388922 0.388922 0.451845 0.451845
0.268941 0.388922 0.388922 0.451845 0.451845
0.268941 0.388922 0.388922 0.451845 0.451845
0.268941 0.388922 0.388922 0.451845 0.451845
0.268941 0.388922 0.388922 0.451845 0.451845
0.268941 0.388922 0.388922 0.451845 0.451845
0.268941 0.388922 0.388922 0.451845 0.451845
0.268941 0.388922 0.388922 0.451845 0.451845
0.268941 0.388922 0.388922 0.451845 0.451845
0.268941 0.388922 0.388922 0.451845 0.451845
0.268941 0.388922 0.388922 0.451845 0.451845
0.268941 0.388922 0.388922 0.451845 0.451845
0.268941 0.388922 0.388922 0.451845 0.451845
0.268941 0.388922 0.388922 0.451845 0.451845
0.268941 0.388922 0.388922 0.451845 0.451845
0.268941 0.388922 0.388922 0.451845 0.451845
0.268941 0.388922 0.388922 0.451845 0.451845
0.268941 0.388922 0.388922 0.451845 0.451845
0.268941 0.388922 0.388922 0.451845 0.451845
0.268941 0.388922 0.388922 0.451845 0.451845
0.268941 0.388922 0.388922 0.451845 0.451845
0.268941 0.388922 0.388922 0.451845 0.451845
0.268941 0.388922 0.388922 0.451845 0.451845
0.268941 0.388922 0.388922 0.451845 0.451845
0.268941 0 0 0 0
0.268941 0 0 0.466433 0.466433
0.268941 0.441959 0.441959 0.495534 0.495534
0.268941 0.409901 0.409901 0 0
0.268941 0.454579 0.454579 0.492002 0.492002
0.268941 0.416515 0.416515 0 0
0.268941 0.457963 0.457963 0.492415 0.492415
0.268941 0.418124 0.418124 0 0
0.268941 0.458784 0.458784 0.492516 0.492516
0.268941 0.418514 0.418514 0 0
0.268941 0.458983 0.458983 0.49254 0.49254
0.268941 0.418608 0.418608 0 0
0.268941 0.459031 0.459031 0.492546 0.492546
0.268941 0.418631 0.418631 0 0
0.268941 0.459043 0.459043 0.492547 0.492547
0.268941 0.418637 0.418637 0 0
0.268941 0.459045 0.459045 0.492548 0.492548
0.268941 0.418638 0.418638 0 0
0.268941 0.459046 0.459046 0.492548 0.492548
0.268941 0.418638 0.418638 0 0
0.268941 0.459046 0.459046 0.492548 0.492548
0.268941 0.418638 0.418638 0 0
0.268941 0.459046 0.459046 0.492548 0.492548
0.268941 0.418638 0.418638 0 0
0.268941 0.459046 0.459046 0.492548 0.492548
0.268941 0.418638 0.418638 0 0
0.268941 0.459046 0.459046 0.492548 0.492548
0.268941 0.418638 0.418638 0 0
0.268941 0.459046 0.459046 0.492548 0.492548
0.268941 0.418638 0.418638 0 0
0.268941 0.459046 0.459046 0.492548 0.492548
0.268941 0.418638 0.418638 0 0
0.268941 0.459046 0.459046 0.492548 0.492548
0.268941 0.418638 0.418638 0 0
0.268941 0.459046 0.459046 0.492548 0.492548
0.268941 0.418638 0.418638 0 0
0.268941 0.459046 0.459046 0.492548 0.492548
0.268941 0.418638 0.418638 0 0
0.268941 0.459046 0.459046 0.492548 0.492548
0.268941 0.418638 0.418638 0 0
0.268941 0.459046 0.459046 0.492548 0.492548
0.268941 0.418638 0.418638 0 0
0.268941 0.459046 0.459046 0.492548 0.492548
0.268941 0.418638 0.418638 0 0
0.268941 0.459046 0.459046 0.492548 0.492548
0.268941 0.418638 0.418638 0 0
0.268941 0.459046 0.459046 0.492548 0.492548
0.268941 0.418638 0.418638 0 0
0.268941 0.459046 0.459046 0.492548 0.492548
0.268941 0.418638 0.418638 0 0
