numberOfInputs 4

numberOfOutputs 1

numberOfInterNeurons 3

networkDimension 8

networkActivations

0.000000 0.000000 0.000000 0.000000 0.000000 0.000000 0.000000 0.000000

networkOutputs

0.000000 0.000000 0.000000 0.000000 0.000000 0.000000 0.000000 0.000000

neuronThreshold

0.000000 0.000000 0.000000 0.000000 0.000000 0.000000 0.000000 0.000000

neuronLearningRate

0.000000 0.000000 0.000000 0.000000 0.000000 0.000000 0.000000 0.000000

neuronRefactoryState

0.000000 0.000000 0.000000 0.000000 0.000000 0.000000 0.000000 0.000000

neuronWeightTotal

1.000000 1.000000 1.000000 1.000000 1.000000 1.000000 1.000000 1.000000

networkweights

0	0	0	0	.7	0	0	0
0	0	0	0	0	.7	0	0
0	0	0	0	.1	0	0	0
0	0	0	0	0	0	1	0
0	0	0	0	0	0	0	-.7
0	0	0	0	0	0	0	.7
0	0	0	0	0	0	0	.5
0	0	0	0	0	0	0	0

networkinputs

0.000000 0.000000 0.000000 1.000000 

networkoutputs

0.000000

networkplasticweightsmask

0 0 0 0 0 0 0 
0 0 0 0 0 0 0 
0 0 0 0 0 0 0 
0 0 0 0 0 0 0 
0 0 0 0 0 0 0 
0 0 0 0 0 0 0 
0 0 0 0 0 0 0
0 0 0 0 0 0 0
