0.000000 0.000000 0.000000 0.000000 0.000000 0.000000 0.000000 0.000000 0.000000 0.000000 0.000000 0.000000 0.000000 
0.100000 0.000000 0.000000 0.000000 0.000000 0.300000 0.300000 0.200000 0.000000 0.000000 0.000000 0.000000 0.000000 
0.100000 0.000000 0.000000 0.000000 0.000000 0.300000 0.300000 0.200000 0.000000 0.000000 0.000000 0.000000 0.000000 
0.100000 0.000000 0.000000 0.000000 0.000000 0.300000 0.300000 0.200000 0.000000 0.000000 0.000000 0.000000 0.000000 
0.100000 0.000000 0.000000 0.000000 0.000000 0.300000 0.300000 0.200000 0.000000 0.000000 0.000000 0.000000 0.000000 
0.100000 0.000000 0.000000 0.000000 0.000000 0.300000 0.300000 0.200000 0.000000 0.000000 0.000000 0.000000 0.000000 
0.100000 0.000000 0.000000 0.000000 0.000000 0.300000 0.300000 0.200000 0.000000 0.000000 0.000000 0.000000 0.000000 
0.100000 0.000000 0.000000 0.000000 0.000000 0.300000 0.300000 0.200000 0.000000 0.000000 0.000000 0.000000 0.000000 
0.100000 0.000000 0.000000 0.000000 0.000000 0.300000 0.300000 0.200000 0.000000 0.000000 0.000000 0.000000 0.000000 
0.100000 0.000000 0.000000 0.000000 0.000000 0.300000 0.300000 0.200000 0.000000 0.000000 0.000000 0.000000 0.000000 
0.100000 0.000000 0.000000 0.000000 0.000000 0.300000 0.300000 0.200000 0.000000 0.000000 0.000000 0.000000 0.000000 
0.100000 0.000000 0.000000 0.000000 0.000000 0.300000 0.300000 0.200000 0.000000 0.000000 0.000000 0.000000 0.000000 
0.100000 0.000000 0.000000 0.000000 0.000000 0.300000 0.300000 0.200000 0.000000 0.000000 0.000000 0.000000 0.000000 
0.100000 0.000000 0.000000 0.000000 0.000000 0.300000 0.300000 0.200000 0.000000 0.000000 0.000000 0.000000 0.000000 
0.100000 0.000000 0.000000 0.000000 0.000000 0.300000 0.300000 0.200000 0.000000 0.000000 0.000000 0.000000 0.000000 
0.100000 0.000000 0.000000 0.000000 0.000000 0.300000 0.300000 0.200000 0.000000 0.000000 0.000000 0.000000 0.000000 
0.100000 0.000000 0.000000 0.000000 0.000000 0.300000 0.300000 0.200000 0.000000 0.000000 0.000000 0.000000 0.000000 
0.100000 0.000000 0.000000 0.000000 0.000000 0.300000 0.300000 0.200000 0.000000 0.000000 0.000000 0.000000 0.000000 
0.100000 0.000000 0.000000 0.000000 0.000000 0.300000 0.300000 0.200000 0.000000 0.000000 0.000000 0.000000 0.000000 
0.100000 0.000000 0.000000 0.000000 0.000000 0.300000 0.300000 0.200000 0.000000 0.000000 0.000000 0.000000 0.000000 
0.100000 0.000000 0.000000 0.000000 0.000000 0.300000 0.300000 0.200000 0.000000 0.000000 0.000000 0.000000 0.000000 
0.100000 0.000000 0.000000 0.000000 0.000000 0.300000 0.300000 0.200000 0.000000 0.000000 0.000000 0.000000 0.000000 
0.100000 0.000000 0.000000 0.000000 0.000000 0.300000 0.300000 0.200000 0.000000 0.000000 0.000000 0.000000 0.000000 
0.100000 0.000000 0.000000 0.000000 0.000000 0.300000 0.300000 0.200000 0.000000 0.000000 0.000000 0.000000 0.000000 
0.100000 0.000000 0.000000 0.000000 0.000000 0.300000 0.300000 0.200000 0.000000 0.000000 0.000000 0.000000 0.000000 
0.100000 0.000000 0.000000 0.000000 0.000000 0.300000 0.300000 0.200000 0.000000 0.000000 0.000000 0.000000 0.000000 
0.100000 0.000000 0.000000 0.000000 0.000000 0.300000 0.300000 0.200000 0.000000 0.000000 0.000000 0.000000 0.000000 
0.100000 0.000000 0.000000 0.000000 0.000000 0.300000 0.300000 0.200000 0.000000 0.000000 0.000000 0.000000 0.000000 
0.100000 0.000000 0.000000 0.000000 0.000000 0.300000 0.300000 0.200000 0.000000 0.000000 0.000000 0.000000 0.000000 
0.100000 0.000000 0.000000 0.000000 0.000000 0.300000 0.300000 0.200000 0.000000 0.000000 0.000000 0.000000 0.000000 
0.100000 0.000000 0.000000 0.000000 0.000000 0.300000 0.300000 0.200000 0.000000 0.000000 0.000000 0.000000 0.000000 
0.100000 0.000000 0.000000 0.000000 0.000000 0.300000 0.300000 0.200000 0.000000 0.000000 0.000000 0.000000 0.000000 
0.100000 0.000000 0.000000 0.000000 0.000000 0.300000 0.300000 0.200000 0.000000 0.000000 0.000000 0.000000 0.000000 
0.100000 0.000000 0.000000 0.000000 0.000000 0.300000 0.300000 0.200000 0.000000 0.000000 0.000000 0.000000 0.000000 
0.100000 0.000000 0.000000 0.000000 0.000000 0.300000 0.300000 0.200000 0.000000 0.000000 0.000000 0.000000 0.000000 
0.100000 0.000000 0.000000 0.000000 0.000000 0.300000 0.300000 0.200000 0.000000 0.000000 0.000000 0.000000 0.000000 
0.100000 0.000000 0.000000 0.000000 0.000000 0.300000 0.300000 0.200000 0.000000 0.000000 0.000000 0.000000 0.000000 
0.100000 0.000000 0.000000 0.000000 0.000000 0.300000 0.300000 0.200000 0.000000 0.000000 0.000000 0.000000 0.000000 
0.100000 0.000000 0.000000 0.000000 0.000000 0.300000 0.300000 0.200000 0.000000 0.000000 0.000000 0.000000 0.000000 
0.100000 0.000000 0.000000 0.000000 0.000000 0.300000 0.300000 0.200000 0.000000 0.000000 0.000000 0.000000 0.000000 
0.100000 0.000000 0.000000 0.000000 0.000000 0.300000 0.300000 0.200000 0.000000 0.000000 0.000000 0.000000 0.000000 
0.100000 0.000000 0.000000 0.000000 0.000000 0.300000 0.300000 0.200000 0.000000 0.000000 0.000000 0.000000 0.000000 
0.100000 0.000000 0.000000 0.000000 0.000000 0.300000 0.300000 0.200000 0.000000 0.000000 0.000000 0.000000 0.000000 
0.100000 0.000000 0.000000 0.000000 0.000000 0.300000 0.300000 0.200000 0.000000 0.000000 0.000000 0.000000 0.000000 
0.100000 0.000000 0.000000 0.000000 0.000000 0.300000 0.300000 0.200000 0.000000 0.000000 0.000000 0.000000 0.000000 
0.100000 0.000000 0.000000 0.000000 0.000000 0.300000 0.300000 0.200000 0.000000 0.000000 0.000000 0.000000 0.000000 
0.100000 0.000000 0.000000 0.000000 0.000000 0.300000 0.300000 0.200000 0.000000 0.000000 0.000000 0.000000 0.000000 
0.100000 0.000000 0.000000 0.000000 0.000000 0.300000 0.300000 0.200000 0.000000 0.000000 0.000000 0.000000 0.000000 
0.100000 0.000000 0.000000 0.000000 0.000000 0.300000 0.300000 0.200000 0.000000 0.000000 0.000000 0.000000 0.000000 
0.100000 0.000000 0.000000 0.000000 0.000000 0.300000 0.300000 0.200000 0.000000 0.000000 0.000000 0.000000 0.000000 
0.000000 0.000000 0.000000 0.000000 0.000000 0.000000 0.000000 0.000000 0.000000 0.000000 0.000000 0.000000 0.000000 
0.100000 0.000000 0.000000 0.000000 0.000000 0.300000 0.300000 0.200000 1.000000 0.000000 0.000000 0.000000 0.000000 
0.100000 0.000000 0.000000 0.000000 0.000000 0.300000 0.300000 0.200000 1.000000 0.640000 0.880000 0.000000 0.000000 
0.100000 0.000000 0.000000 0.000000 0.000000 0.300000 0.300000 0.200000 1.000000 0.520000 1.000000 0.192000 0.264000 
0.100000 0.000000 0.000000 0.000000 0.000000 0.300000 0.300000 0.200000 1.000000 0.400000 1.120000 0.156000 0.300000 
0.100000 0.000000 0.000000 0.000000 0.000000 0.300000 0.300000 0.200000 1.000000 0.280000 1.240000 0.120000 0.336000 
0.100000 0.000000 0.000000 0.000000 0.000000 0.300000 0.300000 0.200000 1.000000 0.160000 1.360000 0.084000 0.372000 
0.100000 0.000000 0.000000 0.000000 0.000000 0.300000 0.300000 0.200000 1.000000 0.040000 1.480000 0.048000 0.408000 
0.100000 0.000000 0.000000 0.000000 0.000000 0.300000 0.300000 0.200000 1.000000 0.000000 1.600000 0.012000 0.444000 
0.100000 0.000000 0.000000 0.000000 0.000000 0.300000 0.300000 0.200000 1.000000 0.000000 1.680000 0.000000 0.480000 
0.100000 0.000000 0.000000 0.000000 0.000000 0.300000 0.300000 0.200000 1.000000 0.000000 1.720000 0.000000 0.504000 
0.100000 0.000000 0.000000 0.000000 0.000000 0.300000 0.300000 0.200000 1.000000 0.000000 1.740000 0.000000 0.516000 
0.100000 0.000000 0.000000 0.000000 0.000000 0.300000 0.300000 0.200000 1.000000 0.000000 1.750000 0.000000 0.522000 
0.100000 0.000000 0.000000 0.000000 0.000000 0.300000 0.300000 0.200000 1.000000 0.000000 1.755000 0.000000 0.525000 
0.100000 0.000000 0.000000 0.000000 0.000000 0.300000 0.300000 0.200000 1.000000 0.000000 1.757500 0.000000 0.526500 
0.100000 0.000000 0.000000 0.000000 0.000000 0.300000 0.300000 0.200000 1.000000 0.000000 1.758750 0.000000 0.527250 
0.100000 0.000000 0.000000 0.000000 0.000000 0.300000 0.300000 0.200000 1.000000 0.000000 1.759375 0.000000 0.527625 
0.100000 0.000000 0.000000 0.000000 0.000000 0.300000 0.300000 0.200000 1.000000 0.000000 1.759687 0.000000 0.527812 
0.100000 0.000000 0.000000 0.000000 0.000000 0.300000 0.300000 0.200000 1.000000 0.000000 1.759844 0.000000 0.527906 
0.100000 0.000000 0.000000 0.000000 0.000000 0.300000 0.300000 0.200000 1.000000 0.000000 1.759922 0.000000 0.527953 
0.100000 0.000000 0.000000 0.000000 0.000000 0.300000 0.300000 0.200000 1.000000 0.000000 1.759961 0.000000 0.527977 
0.100000 0.000000 0.000000 0.000000 0.000000 0.300000 0.300000 0.200000 1.000000 0.000000 1.759980 0.000000 0.527988 
0.100000 0.000000 0.000000 0.000000 0.000000 0.300000 0.300000 0.200000 1.000000 0.000000 1.759990 0.000000 0.527994 
0.100000 0.000000 0.000000 0.000000 0.000000 0.300000 0.300000 0.200000 1.000000 0.000000 1.759995 0.000000 0.527997 
0.100000 0.000000 0.000000 0.000000 0.000000 0.300000 0.300000 0.200000 1.000000 0.000000 1.759998 0.000000 0.527999 
0.100000 0.000000 0.000000 0.000000 0.000000 0.300000 0.300000 0.200000 1.000000 0.000000 1.759999 0.000000 0.527999 
0.100000 0.000000 0.000000 0.000000 0.000000 0.300000 0.300000 0.200000 1.000000 0.000000 1.759999 0.000000 0.528000 
0.100000 0.000000 0.000000 0.000000 0.000000 0.300000 0.300000 0.200000 1.000000 0.000000 1.760000 0.000000 0.528000 
0.100000 0.000000 0.000000 0.000000 0.000000 0.300000 0.300000 0.200000 1.000000 0.000000 1.760000 0.000000 0.528000 
0.100000 0.000000 0.000000 0.000000 0.000000 0.300000 0.300000 0.200000 1.000000 0.000000 1.760000 0.000000 0.528000 
0.100000 0.000000 0.000000 0.000000 0.000000 0.300000 0.300000 0.200000 1.000000 0.000000 1.760000 0.000000 0.528000 
0.100000 0.000000 0.000000 0.000000 0.000000 0.300000 0.300000 0.200000 1.000000 0.000000 1.760000 0.000000 0.528000 
0.100000 0.000000 0.000000 0.000000 0.000000 0.300000 0.300000 0.200000 1.000000 0.000000 1.760000 0.000000 0.528000 
0.100000 0.000000 0.000000 0.000000 0.000000 0.300000 0.300000 0.200000 1.000000 0.000000 1.760000 0.000000 0.528000 
0.100000 0.000000 0.000000 0.000000 0.000000 0.300000 0.300000 0.200000 1.000000 0.000000 1.760000 0.000000 0.528000 
0.100000 0.000000 0.000000 0.000000 0.000000 0.300000 0.300000 0.200000 1.000000 0.000000 1.760000 0.000000 0.528000 
0.100000 0.000000 0.000000 0.000000 0.000000 0.300000 0.300000 0.200000 1.000000 0.000000 1.760000 0.000000 0.528000 
0.100000 0.000000 0.000000 0.000000 0.000000 0.300000 0.300000 0.200000 1.000000 0.000000 1.760000 0.000000 0.528000 
0.100000 0.000000 0.000000 0.000000 0.000000 0.300000 0.300000 0.200000 1.000000 0.000000 1.760000 0.000000 0.528000 
0.100000 0.000000 0.000000 0.000000 0.000000 0.300000 0.300000 0.200000 1.000000 0.000000 1.760000 0.000000 0.528000 
0.100000 0.000000 0.000000 0.000000 0.000000 0.300000 0.300000 0.200000 1.000000 0.000000 1.760000 0.000000 0.528000 
0.100000 0.000000 0.000000 0.000000 0.000000 0.300000 0.300000 0.200000 1.000000 0.000000 1.760000 0.000000 0.528000 
0.100000 0.000000 0.000000 0.000000 0.000000 0.300000 0.300000 0.200000 1.000000 0.000000 1.760000 0.000000 0.528000 
0.100000 0.000000 0.000000 0.000000 0.000000 0.300000 0.300000 0.200000 1.000000 0.000000 1.760000 0.000000 0.528000 
0.100000 0.000000 0.000000 0.000000 0.000000 0.300000 0.300000 0.200000 1.000000 0.000000 1.760000 0.000000 0.528000 
0.100000 0.000000 0.000000 0.000000 0.000000 0.300000 0.300000 0.200000 1.000000 0.000000 1.760000 0.000000 0.528000 
0.100000 0.000000 0.000000 0.000000 0.000000 0.300000 0.300000 0.200000 1.000000 0.000000 1.760000 0.000000 0.528000 
0.100000 0.000000 0.000000 0.000000 0.000000 0.300000 0.300000 0.200000 1.000000 0.000000 1.760000 0.000000 0.528000 
0.100000 0.000000 0.000000 0.000000 0.000000 0.300000 0.300000 0.200000 1.000000 0.000000 1.760000 0.000000 0.528000 
0.100000 0.000000 0.000000 0.000000 0.000000 0.300000 0.300000 0.200000 1.000000 0.000000 1.760000 0.000000 0.528000 
0.000000 0.000000 0.000000 0.000000 0.000000 0.000000 0.000000 0.000000 0.000000 0.000000 0.000000 0.000000 0.000000 
0.100000 0.000000 0.000000 0.000000 0.000000 0.300000 0.300000 0.200000 1.000000 0.000000 0.000000 0.000000 0.000000 
0.100000 0.000000 0.000000 0.000000 0.000000 0.300000 0.300000 0.200000 1.000000 0.640000 0.880000 0.000000 0.000000 
0.100000 0.000000 0.000000 0.000000 0.000000 0.300000 0.300000 0.200000 1.000000 0.520000 1.000000 0.192000 0.264000 
0.100000 0.000000 0.000000 0.000000 0.000000 0.300000 0.300000 0.200000 1.000000 0.400000 1.120000 0.156000 0.300000 
0.100000 0.000000 0.000000 0.000000 0.000000 0.300000 0.300000 0.200000 1.000000 0.280000 1.240000 0.120000 0.336000 
0.100000 0.000000 0.000000 0.000000 0.000000 0.300000 0.300000 0.200000 1.000000 0.160000 1.360000 0.084000 0.372000 
0.100000 0.000000 0.000000 0.000000 0.000000 0.300000 0.300000 0.200000 1.000000 0.040000 1.480000 0.048000 0.408000 
0.100000 0.000000 0.000000 0.000000 0.000000 0.300000 0.300000 0.200000 1.000000 0.000000 1.600000 0.012000 0.444000 
0.100000 0.000000 0.000000 0.000000 0.000000 0.300000 0.300000 0.200000 1.000000 0.000000 1.680000 0.000000 0.480000 
0.100000 0.000000 0.000000 0.000000 0.000000 0.300000 0.300000 0.200000 1.000000 0.000000 1.720000 0.000000 0.504000 
0.100000 0.000000 0.000000 0.000000 0.000000 0.300000 0.300000 0.200000 1.000000 0.000000 1.740000 0.000000 0.516000 
0.100000 0.000000 0.000000 0.000000 0.000000 0.300000 0.300000 0.200000 1.000000 0.000000 1.750000 0.000000 0.522000 
0.100000 0.000000 0.000000 0.000000 0.000000 0.300000 0.300000 0.200000 1.000000 0.000000 1.755000 0.000000 0.525000 
0.100000 0.000000 0.000000 0.000000 0.000000 0.300000 0.300000 0.200000 1.000000 0.000000 1.757500 0.000000 0.526500 
0.100000 0.000000 0.000000 0.000000 0.000000 0.300000 0.300000 0.200000 1.000000 0.000000 1.758750 0.000000 0.527250 
0.100000 0.000000 0.000000 0.000000 0.000000 0.300000 0.300000 0.200000 1.000000 0.000000 1.759375 0.000000 0.527625 
0.100000 0.000000 0.000000 0.000000 0.000000 0.300000 0.300000 0.200000 1.000000 0.000000 1.759687 0.000000 0.527812 
0.100000 0.000000 0.000000 0.000000 0.000000 0.300000 0.300000 0.200000 1.000000 0.000000 1.759844 0.000000 0.527906 
0.100000 0.000000 0.000000 0.000000 0.000000 0.300000 0.300000 0.200000 1.000000 0.000000 1.759922 0.000000 0.527953 
0.100000 0.000000 0.000000 0.000000 0.000000 0.300000 0.300000 0.200000 1.000000 0.000000 1.759961 0.000000 0.527977 
0.100000 0.000000 0.000000 0.000000 0.000000 0.300000 0.300000 0.200000 1.000000 0.000000 1.759980 0.000000 0.527988 
0.100000 0.000000 0.000000 0.000000 0.000000 0.300000 0.300000 0.200000 1.000000 0.000000 1.759990 0.000000 0.527994 
0.100000 0.000000 0.000000 0.000000 0.000000 0.300000 0.300000 0.200000 1.000000 0.000000 1.759995 0.000000 0.527997 
0.100000 0.000000 0.000000 0.000000 0.000000 0.300000 0.300000 0.200000 1.000000 0.000000 1.759998 0.000000 0.527999 
0.100000 0.000000 0.000000 0.000000 0.000000 0.300000 0.300000 0.200000 1.000000 0.000000 1.759999 0.000000 0.527999 
0.100000 0.000000 0.000000 0.000000 0.000000 0.300000 0.300000 0.200000 1.000000 0.000000 1.759999 0.000000 0.528000 
0.100000 0.000000 0.000000 0.000000 0.000000 0.300000 0.300000 0.200000 1.000000 0.000000 1.760000 0.000000 0.528000 
0.100000 0.000000 0.000000 0.000000 0.000000 0.300000 0.300000 0.200000 1.000000 0.000000 1.760000 0.000000 0.528000 
0.100000 0.000000 0.000000 0.000000 0.000000 0.300000 0.300000 0.200000 1.000000 0.000000 1.760000 0.000000 0.528000 
0.100000 0.000000 0.000000 0.000000 0.000000 0.300000 0.300000 0.200000 1.000000 0.000000 1.760000 0.000000 0.528000 
0.100000 0.000000 0.000000 0.000000 0.000000 0.300000 0.300000 0.200000 1.000000 0.000000 1.760000 0.000000 0.528000 
0.100000 0.000000 0.000000 0.000000 0.000000 0.300000 0.300000 0.200000 1.000000 0.000000 1.760000 0.000000 0.528000 
0.100000 0.000000 0.000000 0.000000 0.000000 0.300000 0.300000 0.200000 1.000000 0.000000 1.760000 0.000000 0.528000 
0.100000 0.000000 0.000000 0.000000 0.000000 0.300000 0.300000 0.200000 1.000000 0.000000 1.760000 0.000000 0.528000 
0.100000 0.000000 0.000000 0.000000 0.000000 0.300000 0.300000 0.200000 1.000000 0.000000 1.760000 0.000000 0.528000 
0.100000 0.000000 0.000000 0.000000 0.000000 0.300000 0.300000 0.200000 1.000000 0.000000 1.760000 0.000000 0.528000 
0.100000 0.000000 0.000000 0.000000 0.000000 0.300000 0.300000 0.200000 1.000000 0.000000 1.760000 0.000000 0.528000 
0.100000 0.000000 0.000000 0.000000 0.000000 0.300000 0.300000 0.200000 1.000000 0.000000 1.760000 0.000000 0.528000 
0.100000 0.000000 0.000000 0.000000 0.000000 0.300000 0.300000 0.200000 1.000000 0.000000 1.760000 0.000000 0.528000 
0.100000 0.000000 0.000000 0.000000 0.000000 0.300000 0.300000 0.200000 1.000000 0.000000 1.760000 0.000000 0.528000 
0.100000 0.000000 0.000000 0.000000 0.000000 0.300000 0.300000 0.200000 1.000000 0.000000 1.760000 0.000000 0.528000 
0.100000 0.000000 0.000000 0.000000 0.000000 0.300000 0.300000 0.200000 1.000000 0.000000 1.760000 0.000000 0.528000 
0.100000 0.000000 0.000000 0.000000 0.000000 0.300000 0.300000 0.200000 1.000000 0.000000 1.760000 0.000000 0.528000 
0.100000 0.000000 0.000000 0.000000 0.000000 0.300000 0.300000 0.200000 1.000000 0.000000 1.760000 0.000000 0.528000 
0.100000 0.000000 0.000000 0.000000 0.000000 0.300000 0.300000 0.200000 1.000000 0.000000 1.760000 0.000000 0.528000 
0.100000 0.000000 0.000000 0.000000 0.000000 0.300000 0.300000 0.200000 1.000000 0.000000 1.760000 0.000000 0.528000 
0.100000 0.000000 0.000000 0.000000 0.000000 0.300000 0.300000 0.200000 1.000000 0.000000 1.760000 0.000000 0.528000 
0.100000 0.000000 0.000000 0.000000 0.000000 0.300000 0.300000 0.200000 1.000000 0.000000 1.760000 0.000000 0.528000 
0.100000 0.000000 0.000000 0.000000 0.000000 0.300000 0.300000 0.200000 1.000000 0.000000 1.760000 0.000000 0.528000 
