0.000000 0.000000 0.000000 0.000000 0.000000 0.000000 0.000000 0.000000 0.000000 0.000000 0.000000 0.000000 0.000000 0.000000 
0.100000 0.000000 0.000000 0.000000 0.000000 0.300000 0.300000 0.200000 1.000000 0.000000 0.000000 0.000000 0.000000 0.000000 
0.100000 0.000000 0.000000 0.000000 0.000000 0.300000 0.300000 0.200000 1.000000 0.000000 0.056667 0.209167 0.000000 0.000000 
0.100000 0.000000 0.000000 0.000000 0.000000 0.300000 0.300000 0.200000 1.000000 0.000000 0.000000 0.285417 0.056667 0.209167 
0.100000 0.000000 0.000000 0.000000 0.000000 0.300000 0.300000 0.200000 1.000000 0.000000 1031.602905 0.351875 0.000000 0.285417 
0.100000 0.000000 0.000000 0.000000 0.000000 0.300000 0.300000 0.200000 1.000000 0.000000 0.000000 0.000000 1031.602905 0.351875 
0.100000 0.000000 0.000000 0.000000 0.000000 0.300000 0.300000 0.200000 1.000000 0.000000 65708.883128 0.000000 0.000000 0.000000 
0.100000 0.000000 0.000000 0.000000 0.000000 0.300000 0.300000 0.200000 1.000000 0.000000 0.000000 0.000000 65708.883128 0.000000 
0.100000 0.000000 0.000000 0.000000 0.000000 0.300000 0.300000 0.200000 1.000000 0.000000 4120886.646006 0.000000 0.000000 0.000000 
0.100000 0.000000 0.000000 0.000000 0.000000 0.300000 0.300000 0.200000 1.000000 0.000000 0.000000 0.000000 4120886.646006 0.000000 
0.100000 0.000000 0.000000 0.000000 0.000000 0.300000 0.300000 0.200000 1.000000 0.000000 258375120.607442 0.000000 0.000000 0.000000 
0.100000 0.000000 0.000000 0.000000 0.000000 0.300000 0.300000 0.200000 1.000000 0.000000 0.000000 0.000000 258375120.607442 0.000000 
0.100000 0.000000 0.000000 0.000000 0.000000 0.300000 0.300000 0.200000 1.000000 0.000000 16199776279.168825 0.000000 0.000000 0.000000 
0.100000 0.000000 0.000000 0.000000 0.000000 0.300000 0.300000 0.200000 1.000000 0.000000 0.000000 0.000000 16199776279.168825 0.000000 
0.100000 0.000000 0.000000 0.000000 0.000000 0.300000 0.300000 0.200000 1.000000 0.000000 1015704354585.335900 0.000000 0.000000 0.000000 
0.100000 0.000000 0.000000 0.000000 0.000000 0.300000 0.300000 0.200000 1.000000 0.000000 0.000000 0.000000 1015704354585.335900 0.000000 
0.100000 0.000000 0.000000 0.000000 0.000000 0.300000 0.300000 0.200000 1.000000 0.000000 63683307541929.211000 0.000000 0.000000 0.000000 
0.100000 0.000000 0.000000 0.000000 0.000000 0.300000 0.300000 0.200000 1.000000 0.000000 0.000000 0.000000 63683307541929.211000 0.000000 
0.100000 0.000000 0.000000 0.000000 0.000000 0.300000 0.300000 0.200000 1.000000 0.000000 3992858395365698.000000 0.000000 0.000000 0.000000 
0.100000 0.000000 0.000000 0.000000 0.000000 0.300000 0.300000 0.200000 1.000000 0.000000 0.000000 0.000000 3992858395365698.000000 0.000000 
0.100000 0.000000 0.000000 0.000000 0.000000 0.300000 0.300000 0.200000 1.000000 0.000000 250346892785702910.000000 0.000000 0.000000 0.000000 
0.100000 0.000000 0.000000 0.000000 0.000000 0.300000 0.300000 0.200000 1.000000 0.000000 0.000000 0.000000 250346892785702910.000000 0.000000 
0.100000 0.000000 0.000000 0.000000 0.000000 0.300000 0.300000 0.200000 1.000000 0.000000 15696416081321069000.000000 0.000000 0.000000 0.000000 
0.100000 0.000000 0.000000 0.000000 0.000000 0.300000 0.300000 0.200000 1.000000 0.000000 0.000000 0.000000 15696416081321069000.000000 0.000000 
0.100000 0.000000 0.000000 0.000000 0.000000 0.300000 0.300000 0.200000 1.000000 0.000000 984144340904018710000.000000 0.000000 0.000000 0.000000 
0.100000 0.000000 0.000000 0.000000 0.000000 0.300000 0.300000 0.200000 1.000000 0.000000 0.000000 0.000000 984144340904018710000.000000 0.000000 
0.100000 0.000000 0.000000 0.000000 0.000000 0.300000 0.300000 0.200000 1.000000 0.000000 61704536800982246000000.000000 0.000000 0.000000 0.000000 
0.100000 0.000000 0.000000 0.000000 0.000000 0.300000 0.300000 0.200000 1.000000 0.000000 0.000000 0.000000 61704536800982246000000.000000 0.000000 
0.100000 0.000000 0.000000 0.000000 0.000000 0.300000 0.300000 0.200000 1.000000 0.000000 3868792110643355400000000.000000 0.000000 0.000000 0.000000 
0.100000 0.000000 0.000000 0.000000 0.000000 0.300000 0.300000 0.200000 1.000000 0.000000 0.000000 0.000000 3868792110643355400000000.000000 0.000000 
0.100000 0.000000 0.000000 0.000000 0.000000 0.300000 0.300000 0.200000 1.000000 0.000000 242568102304237800000000000.000000 0.000000 0.000000 0.000000 
0.100000 0.000000 0.000000 0.000000 0.000000 0.300000 0.300000 0.200000 1.000000 0.000000 0.000000 0.000000 242568102304237800000000000.000000 0.000000 
0.100000 0.000000 0.000000 0.000000 0.000000 0.300000 0.300000 0.200000 1.000000 0.000000 15208696299190545000000000000.000000 0.000000 0.000000 0.000000 
0.100000 0.000000 0.000000 0.000000 0.000000 0.300000 0.300000 0.200000 1.000000 0.000000 0.000000 0.000000 15208696299190545000000000000.000000 0.000000 
0.100000 0.000000 0.000000 0.000000 0.000000 0.300000 0.300000 0.200000 1.000000 0.000000 953564961442876190000000000000.000000 0.000000 0.000000 0.000000 
0.100000 0.000000 0.000000 0.000000 0.000000 0.300000 0.300000 0.200000 1.000000 0.000000 0.000000 0.000000 953564961442876190000000000000.000000 0.000000 
0.100000 0.000000 0.000000 0.000000 0.000000 0.300000 0.300000 0.200000 1.000000 0.000000 59787250517978268000000000000000.000000 0.000000 0.000000 0.000000 
0.100000 0.000000 0.000000 0.000000 0.000000 0.300000 0.300000 0.200000 1.000000 0.000000 0.000000 0.000000 59787250517978268000000000000000.000000 0.000000 
0.100000 0.000000 0.000000 0.000000 0.000000 0.300000 0.300000 0.200000 1.000000 0.000000 3748580819381990400000000000000000.000000 0.000000 0.000000 0.000000 
0.100000 0.000000 0.000000 0.000000 0.000000 0.300000 0.300000 0.200000 1.000000 0.000000 0.000000 0.000000 3748580819381990400000000000000000.000000 0.000000 
0.100000 0.000000 0.000000 0.000000 0.000000 0.300000 0.300000 0.200000 1.000000 0.000000 235031014768158650000000000000000000.000000 0.000000 0.000000 0.000000 
0.100000 0.000000 0.000000 0.000000 0.000000 0.300000 0.300000 0.200000 1.000000 0.000000 0.000000 0.000000 235031014768158650000000000000000000.000000 0.000000 
0.100000 0.000000 0.000000 0.000000 0.000000 0.300000 0.300000 0.200000 1.000000 0.000000 14736130969175019000000000000000000000.000000 0.000000 0.000000 0.000000 
0.100000 0.000000 0.000000 0.000000 0.000000 0.300000 0.300000 0.200000 1.000000 0.000000 0.000000 0.000000 14736130969175019000000000000000000000.000000 0.000000 
0.100000 0.000000 0.000000 0.000000 0.000000 0.300000 0.300000 0.200000 1.000000 0.000000 923935745905218450000000000000000000000.000000 0.000000 0.000000 0.000000 
0.100000 0.000000 0.000000 0.000000 0.000000 0.300000 0.300000 0.200000 1.000000 0.000000 0.000000 0.000000 923935745905218450000000000000000000000.000000 0.000000 
0.100000 0.000000 0.000000 0.000000 0.000000 0.300000 0.300000 0.200000 1.000000 0.000000 57929538244951092000000000000000000000000.000000 0.000000 0.000000 0.000000 
0.100000 0.000000 0.000000 0.000000 0.000000 0.300000 0.300000 0.200000 1.000000 0.000000 0.000000 0.000000 57929538244951092000000000000000000000000.000000 0.000000 
0.100000 0.000000 0.000000 0.000000 0.000000 0.300000 0.300000 0.200000 1.000000 0.000000 3632104739042651500000000000000000000000000.000000 0.000000 0.000000 0.000000 
0.100000 0.000000 0.000000 0.000000 0.000000 0.300000 0.300000 0.200000 1.000000 0.000000 0.000000 0.000000 3632104739042651500000000000000000000000000.000000 0.000000 
0.000000 0.000000 0.000000 0.000000 0.000000 0.000000 0.000000 0.000000 0.000000 0.000000 0.000000 0.000000 0.000000 0.000000 
0.100000 0.000000 0.000000 0.000000 0.000000 0.300000 0.300000 0.200000 1.000000 0.000000 0.000000 0.000000 0.000000 0.000000 
0.100000 0.000000 0.000000 0.000000 0.000000 0.300000 0.300000 0.200000 1.000000 0.000000 0.640000 0.880000 0.000000 0.000000 
0.100000 0.000000 0.000000 0.000000 0.000000 0.300000 0.300000 0.200000 1.000000 0.000000 0.520000 1.000000 0.192000 0.264000 
0.100000 0.000000 0.000000 0.000000 0.000000 0.300000 0.300000 0.200000 1.000000 0.000000 0.400000 1.120000 0.156000 0.300000 
0.100000 0.000000 0.000000 0.000000 0.000000 0.300000 0.300000 0.200000 1.000000 0.000000 0.280000 1.240000 0.120000 0.336000 
0.100000 0.000000 0.000000 0.000000 0.000000 0.300000 0.300000 0.200000 1.000000 0.000000 0.160000 1.360000 0.084000 0.372000 
0.100000 0.000000 0.000000 0.000000 0.000000 0.300000 0.300000 0.200000 1.000000 0.000000 0.040000 1.480000 0.048000 0.408000 
0.100000 0.000000 0.000000 0.000000 0.000000 0.300000 0.300000 0.200000 1.000000 0.000000 0.000000 1.600000 0.012000 0.444000 
0.100000 0.000000 0.000000 0.000000 0.000000 0.300000 0.300000 0.200000 1.000000 0.000000 0.000000 1.680000 0.000000 0.480000 
0.100000 0.000000 0.000000 0.000000 0.000000 0.300000 0.300000 0.200000 1.000000 0.000000 0.000000 1.720000 0.000000 0.504000 
0.100000 0.000000 0.000000 0.000000 0.000000 0.300000 0.300000 0.200000 1.000000 0.000000 0.000000 1.740000 0.000000 0.516000 
0.100000 0.000000 0.000000 0.000000 0.000000 0.300000 0.300000 0.200000 1.000000 0.000000 0.000000 1.750000 0.000000 0.522000 
0.100000 0.000000 0.000000 0.000000 0.000000 0.300000 0.300000 0.200000 1.000000 0.000000 0.000000 1.755000 0.000000 0.525000 
0.100000 0.000000 0.000000 0.000000 0.000000 0.300000 0.300000 0.200000 1.000000 0.000000 0.000000 1.757500 0.000000 0.526500 
0.100000 0.000000 0.000000 0.000000 0.000000 0.300000 0.300000 0.200000 1.000000 0.000000 0.000000 1.758750 0.000000 0.527250 
0.100000 0.000000 0.000000 0.000000 0.000000 0.300000 0.300000 0.200000 1.000000 0.000000 0.000000 1.759375 0.000000 0.527625 
0.100000 0.000000 0.000000 0.000000 0.000000 0.300000 0.300000 0.200000 1.000000 0.000000 0.000000 1.759687 0.000000 0.527812 
0.100000 0.000000 0.000000 0.000000 0.000000 0.300000 0.300000 0.200000 1.000000 0.000000 0.000000 1.759844 0.000000 0.527906 
0.100000 0.000000 0.000000 0.000000 0.000000 0.300000 0.300000 0.200000 1.000000 0.000000 0.000000 1.759922 0.000000 0.527953 
0.100000 0.000000 0.000000 0.000000 0.000000 0.300000 0.300000 0.200000 1.000000 0.000000 0.000000 1.759961 0.000000 0.527977 
0.100000 0.000000 0.000000 0.000000 0.000000 0.300000 0.300000 0.200000 1.000000 0.000000 0.000000 1.759980 0.000000 0.527988 
0.100000 0.000000 0.000000 0.000000 0.000000 0.300000 0.300000 0.200000 1.000000 0.000000 0.000000 1.759990 0.000000 0.527994 
0.100000 0.000000 0.000000 0.000000 0.000000 0.300000 0.300000 0.200000 1.000000 0.000000 0.000000 1.759995 0.000000 0.527997 
0.100000 0.000000 0.000000 0.000000 0.000000 0.300000 0.300000 0.200000 1.000000 0.000000 0.000000 1.759998 0.000000 0.527999 
0.100000 0.000000 0.000000 0.000000 0.000000 0.300000 0.300000 0.200000 1.000000 0.000000 0.000000 1.759999 0.000000 0.527999 
0.100000 0.000000 0.000000 0.000000 0.000000 0.300000 0.300000 0.200000 1.000000 0.000000 0.000000 1.759999 0.000000 0.528000 
0.100000 0.000000 0.000000 0.000000 0.000000 0.300000 0.300000 0.200000 1.000000 0.000000 0.000000 1.760000 0.000000 0.528000 
0.100000 0.000000 0.000000 0.000000 0.000000 0.300000 0.300000 0.200000 1.000000 0.000000 0.000000 1.760000 0.000000 0.528000 
0.100000 0.000000 0.000000 0.000000 0.000000 0.300000 0.300000 0.200000 1.000000 0.000000 0.000000 1.760000 0.000000 0.528000 
0.100000 0.000000 0.000000 0.000000 0.000000 0.300000 0.300000 0.200000 1.000000 0.000000 0.000000 1.760000 0.000000 0.528000 
0.100000 0.000000 0.000000 0.000000 0.000000 0.300000 0.300000 0.200000 1.000000 0.000000 0.000000 1.760000 0.000000 0.528000 
0.100000 0.000000 0.000000 0.000000 0.000000 0.300000 0.300000 0.200000 1.000000 0.000000 0.000000 1.760000 0.000000 0.528000 
0.100000 0.000000 0.000000 0.000000 0.000000 0.300000 0.300000 0.200000 1.000000 0.000000 0.000000 1.760000 0.000000 0.528000 
0.100000 0.000000 0.000000 0.000000 0.000000 0.300000 0.300000 0.200000 1.000000 0.000000 0.000000 1.760000 0.000000 0.528000 
0.100000 0.000000 0.000000 0.000000 0.000000 0.300000 0.300000 0.200000 1.000000 0.000000 0.000000 1.760000 0.000000 0.528000 
0.100000 0.000000 0.000000 0.000000 0.000000 0.300000 0.300000 0.200000 1.000000 0.000000 0.000000 1.760000 0.000000 0.528000 
0.100000 0.000000 0.000000 0.000000 0.000000 0.300000 0.300000 0.200000 1.000000 0.000000 0.000000 1.760000 0.000000 0.528000 
0.100000 0.000000 0.000000 0.000000 0.000000 0.300000 0.300000 0.200000 1.000000 0.000000 0.000000 1.760000 0.000000 0.528000 
0.100000 0.000000 0.000000 0.000000 0.000000 0.300000 0.300000 0.200000 1.000000 0.000000 0.000000 1.760000 0.000000 0.528000 
0.100000 0.000000 0.000000 0.000000 0.000000 0.300000 0.300000 0.200000 1.000000 0.000000 0.000000 1.760000 0.000000 0.528000 
0.100000 0.000000 0.000000 0.000000 0.000000 0.300000 0.300000 0.200000 1.000000 0.000000 0.000000 1.760000 0.000000 0.528000 
0.100000 0.000000 0.000000 0.000000 0.000000 0.300000 0.300000 0.200000 1.000000 0.000000 0.000000 1.760000 0.000000 0.528000 
0.100000 0.000000 0.000000 0.000000 0.000000 0.300000 0.300000 0.200000 1.000000 0.000000 0.000000 1.760000 0.000000 0.528000 
0.100000 0.000000 0.000000 0.000000 0.000000 0.300000 0.300000 0.200000 1.000000 0.000000 0.000000 1.760000 0.000000 0.528000 
0.100000 0.000000 0.000000 0.000000 0.000000 0.300000 0.300000 0.200000 1.000000 0.000000 0.000000 1.760000 0.000000 0.528000 
0.100000 0.000000 0.000000 0.000000 0.000000 0.300000 0.300000 0.200000 1.000000 0.000000 0.000000 1.760000 0.000000 0.528000 
0.100000 0.000000 0.000000 0.000000 0.000000 0.300000 0.300000 0.200000 1.000000 0.000000 0.000000 1.760000 0.000000 0.528000 
0.100000 0.000000 0.000000 0.000000 0.000000 0.300000 0.300000 0.200000 1.000000 0.000000 0.000000 1.760000 0.000000 0.528000 
0.100000 0.000000 0.000000 0.000000 0.000000 0.300000 0.300000 0.200000 1.000000 0.000000 0.000000 1.760000 0.000000 0.528000 
