0.000000 0.000000 0.000000 0.000000 0.000000 0.000000 
1.000000 0.500000 0.000000 0.000000 0.000000 0.000000 
1.000000 0.500000 0.250000 0.000000 0.000000 0.000000 
1.000000 0.500000 0.250000 0.000000 0.000000 0.250000 
1.000000 0.500000 0.375000 0.000000 0.000000 0.250000 
1.000000 0.500000 0.375000 0.000000 0.000000 0.375000 
1.000000 0.500000 0.437500 0.000000 0.000000 0.375000 
1.000000 0.500000 0.437500 0.000000 0.000000 0.437500 
1.000000 0.500000 0.468750 0.000000 0.000000 0.437500 
1.000000 0.500000 0.468750 0.000000 0.000000 0.468750 
1.000000 0.500000 0.484375 0.000000 0.000000 0.468750 
1.000000 0.500000 0.484375 0.000000 0.000000 0.484375 
1.000000 0.500000 0.492188 0.000000 0.000000 0.484375 
1.000000 0.500000 0.492188 0.000000 0.000000 0.492188 
1.000000 0.500000 0.496094 0.000000 0.000000 0.492188 
1.000000 0.500000 0.496094 0.000000 0.000000 0.496094 
1.000000 0.500000 0.498047 0.000000 0.000000 0.496094 
1.000000 0.500000 0.498047 0.000000 0.000000 0.498047 
1.000000 0.500000 0.499023 0.000000 0.000000 0.498047 
1.000000 0.500000 0.499023 0.000000 0.000000 0.499023 
1.000000 0.500000 0.499512 0.000000 0.000000 0.499023 
1.000000 0.500000 0.499512 0.000000 0.000000 0.499512 
1.000000 0.500000 0.499756 0.000000 0.000000 0.499512 
1.000000 0.500000 0.499756 0.000000 0.000000 0.499756 
1.000000 0.500000 0.499878 0.000000 0.000000 0.499756 
1.000000 0.500000 0.499878 0.000000 0.000000 0.499878 
0.500000 1.000000 0.499939 0.000000 0.000000 0.499878 
0.500000 1.000000 0.000000 0.000061 0.000000 0.499939 
0.500000 1.000000 0.000000 0.000031 0.000061 0.000000 
0.500000 1.000000 0.000000 0.250031 0.000031 0.000000 
0.500000 1.000000 0.000000 0.250015 0.250031 0.000000 
0.500000 1.000000 0.000000 0.375015 0.250015 0.000000 
0.500000 1.000000 0.000000 0.375008 0.375015 0.000000 
0.500000 1.000000 0.000000 0.437508 0.375008 0.000000 
0.500000 1.000000 0.000000 0.437504 0.437508 0.000000 
0.500000 1.000000 0.000000 0.468754 0.437504 0.000000 
0.500000 1.000000 0.000000 0.468752 0.468754 0.000000 
0.500000 1.000000 0.000000 0.484377 0.468752 0.000000 
0.500000 1.000000 0.000000 0.484376 0.484377 0.000000 
0.500000 1.000000 0.000000 0.492188 0.484376 0.000000 
0.500000 1.000000 0.000000 0.492188 0.492188 0.000000 
0.500000 1.000000 0.000000 0.496094 0.492188 0.000000 
0.500000 1.000000 0.000000 0.496094 0.496094 0.000000 
0.500000 1.000000 0.000000 0.498047 0.496094 0.000000 
0.500000 1.000000 0.000000 0.498047 0.498047 0.000000 
0.500000 1.000000 0.000000 0.499024 0.498047 0.000000 
0.500000 1.000000 0.000000 0.499023 0.499024 0.000000 
0.500000 1.000000 0.000000 0.499512 0.499023 0.000000 
0.500000 1.000000 0.000000 0.499512 0.499512 0.000000 
0.500000 1.000000 0.000000 0.499756 0.499512 0.000000 

0.000000 0.000000 0.000000 0.000000 0.000000 0.000000 
1.000000 0.500000 0.000000 0.000000 0.000000 0.000000 
1.000000 0.500000 0.250000 0.000000 0.000000 0.000000 
1.000000 0.500000 0.250000 0.000000 0.000000 0.250000 
1.000000 0.500000 0.300000 0.000000 0.000000 0.250000 
1.000000 0.500000 0.300000 0.000000 0.000000 0.300000 
1.000000 0.500000 0.310000 0.000000 0.000000 0.300000 
1.000000 0.500000 0.310000 0.000000 0.000000 0.310000 
1.000000 0.500000 0.312000 0.000000 0.000000 0.310000 
1.000000 0.500000 0.312000 0.000000 0.000000 0.312000 
1.000000 0.500000 0.312400 0.000000 0.000000 0.312000 
1.000000 0.500000 0.312400 0.000000 0.000000 0.312400 
1.000000 0.500000 0.312480 0.000000 0.000000 0.312400 
1.000000 0.500000 0.312480 0.000000 0.000000 0.312480 
1.000000 0.500000 0.312496 0.000000 0.000000 0.312480 
1.000000 0.500000 0.312496 0.000000 0.000000 0.312496 
1.000000 0.500000 0.312499 0.000000 0.000000 0.312496 
1.000000 0.500000 0.312499 0.000000 0.000000 0.312499 
1.000000 0.500000 0.312500 0.000000 0.000000 0.312499 
1.000000 0.500000 0.312500 0.000000 0.000000 0.312500 
1.000000 0.500000 0.312500 0.000000 0.000000 0.312500 
1.000000 0.500000 0.312500 0.000000 0.000000 0.312500 
1.000000 0.500000 0.312500 0.000000 0.000000 0.312500 
1.000000 0.500000 0.312500 0.000000 0.000000 0.312500 
1.000000 0.500000 0.312500 0.000000 0.000000 0.312500 
1.000000 0.500000 0.312500 0.000000 0.000000 0.312500 
0.500000 1.000000 0.312500 0.000000 0.000000 0.312500 
0.500000 1.000000 0.000000 0.187500 0.000000 0.312500 
0.500000 1.000000 0.000000 0.187500 0.187500 0.000000 
0.500000 1.000000 0.000000 0.287500 0.187500 0.000000 
0.500000 1.000000 0.000000 0.287500 0.287500 0.000000 
0.500000 1.000000 0.000000 0.307500 0.287500 0.000000 
0.500000 1.000000 0.000000 0.307500 0.307500 0.000000 
0.500000 1.000000 0.000000 0.311500 0.307500 0.000000 
0.500000 1.000000 0.000000 0.311500 0.311500 0.000000 
0.500000 1.000000 0.000000 0.312300 0.311500 0.000000 
0.500000 1.000000 0.000000 0.312300 0.312300 0.000000 
0.500000 1.000000 0.000000 0.312460 0.312300 0.000000 
0.500000 1.000000 0.000000 0.312460 0.312460 0.000000 
0.500000 1.000000 0.000000 0.312492 0.312460 0.000000 
0.500000 1.000000 0.000000 0.312492 0.312492 0.000000 
0.500000 1.000000 0.000000 0.312498 0.312492 0.000000 
0.500000 1.000000 0.000000 0.312498 0.312498 0.000000 
0.500000 1.000000 0.000000 0.312500 0.312498 0.000000 
0.500000 1.000000 0.000000 0.312500 0.312500 0.000000 
0.500000 1.000000 0.000000 0.312500 0.312500 0.000000 
0.500000 1.000000 0.000000 0.312500 0.312500 0.000000 
0.500000 1.000000 0.000000 0.312500 0.312500 0.000000 
0.500000 1.000000 0.000000 0.312500 0.312500 0.000000 
0.500000 1.000000 0.000000 0.312500 0.312500 0.000000 
