0.000000 0.000000 0.000000 0.000000 0.000000 0.000000 0.000000 0.000000 0.000000 0.000000 0.000000 
0.400000 0.000000 0.000000 0.500000 0.500000 0.600000 0.600000 0.500000 1.000000 0.000000 0.000000 
0.400000 0.000000 0.000000 0.500000 0.500000 0.600000 0.600000 0.500000 1.000000 0.520000 0.940000 
0.400000 0.000000 0.000000 0.500000 0.500000 0.600000 0.600000 0.500000 1.000000 0.520000 0.940000 
0.400000 0.000000 0.000000 0.500000 0.500000 0.600000 0.600000 0.500000 1.000000 0.520000 0.940000 
0.400000 0.000000 0.000000 0.500000 0.500000 0.600000 0.600000 0.500000 1.000000 0.520000 0.940000 
0.400000 0.000000 0.000000 0.500000 0.500000 0.600000 0.600000 0.500000 1.000000 0.520000 0.940000 
0.400000 0.000000 0.000000 0.500000 0.500000 0.600000 0.600000 0.500000 1.000000 0.520000 0.940000 
0.400000 0.000000 0.000000 0.500000 0.500000 0.600000 0.600000 0.500000 1.000000 0.520000 0.940000 
0.400000 0.000000 0.000000 0.500000 0.500000 0.600000 0.600000 0.500000 1.000000 0.520000 0.940000 
0.400000 0.000000 0.000000 0.500000 0.500000 0.600000 0.600000 0.500000 1.000000 0.520000 0.940000 
0.400000 0.000000 0.000000 0.500000 0.500000 0.600000 0.600000 0.500000 1.000000 0.520000 0.940000 
0.400000 0.000000 0.000000 0.500000 0.500000 0.600000 0.600000 0.500000 1.000000 0.520000 0.940000 
0.400000 0.000000 0.000000 0.500000 0.500000 0.600000 0.600000 0.500000 1.000000 0.520000 0.940000 
0.400000 0.000000 0.000000 0.500000 0.500000 0.600000 0.600000 0.500000 1.000000 0.520000 0.940000 
0.400000 0.000000 0.000000 0.500000 0.500000 0.600000 0.600000 0.500000 1.000000 0.520000 0.940000 
0.400000 0.000000 0.000000 0.500000 0.500000 0.600000 0.600000 0.500000 1.000000 0.520000 0.940000 
0.400000 0.000000 0.000000 0.500000 0.500000 0.600000 0.600000 0.500000 1.000000 0.520000 0.940000 
0.400000 0.000000 0.000000 0.500000 0.500000 0.600000 0.600000 0.500000 1.000000 0.520000 0.940000 
0.400000 0.000000 0.000000 0.500000 0.500000 0.600000 0.600000 0.500000 1.000000 0.520000 0.940000 
0.400000 0.000000 0.000000 0.500000 0.500000 0.600000 0.600000 0.500000 1.000000 0.520000 0.940000 
0.400000 0.000000 0.000000 0.500000 0.500000 0.600000 0.600000 0.500000 1.000000 0.520000 0.940000 
0.400000 0.000000 0.000000 0.500000 0.500000 0.600000 0.600000 0.500000 1.000000 0.520000 0.940000 
0.400000 0.000000 0.000000 0.500000 0.500000 0.600000 0.600000 0.500000 1.000000 0.520000 0.940000 
0.400000 0.000000 0.000000 0.500000 0.500000 0.600000 0.600000 0.500000 1.000000 0.520000 0.940000 
0.400000 0.000000 0.000000 0.500000 0.500000 0.600000 0.600000 0.500000 1.000000 0.520000 0.940000 
0.400000 0.000000 0.000000 0.500000 0.500000 0.600000 0.600000 0.500000 1.000000 0.520000 0.940000 
0.400000 0.000000 0.000000 0.500000 0.500000 0.600000 0.600000 0.500000 1.000000 0.520000 0.940000 
0.400000 0.000000 0.000000 0.500000 0.500000 0.600000 0.600000 0.500000 1.000000 0.520000 0.940000 
0.400000 0.000000 0.000000 0.500000 0.500000 0.600000 0.600000 0.500000 1.000000 0.520000 0.940000 
0.400000 0.000000 0.000000 0.500000 0.500000 0.600000 0.600000 0.500000 1.000000 0.520000 0.940000 
0.400000 0.000000 0.000000 0.500000 0.500000 0.600000 0.600000 0.500000 1.000000 0.520000 0.940000 
0.400000 0.000000 0.000000 0.500000 0.500000 0.600000 0.600000 0.500000 1.000000 0.520000 0.940000 
0.400000 0.000000 0.000000 0.500000 0.500000 0.600000 0.600000 0.500000 1.000000 0.520000 0.940000 
0.400000 0.000000 0.000000 0.500000 0.500000 0.600000 0.600000 0.500000 1.000000 0.520000 0.940000 
0.400000 0.000000 0.000000 0.500000 0.500000 0.600000 0.600000 0.500000 1.000000 0.520000 0.940000 
0.400000 0.000000 0.000000 0.500000 0.500000 0.600000 0.600000 0.500000 1.000000 0.520000 0.940000 
0.400000 0.000000 0.000000 0.500000 0.500000 0.600000 0.600000 0.500000 1.000000 0.520000 0.940000 
0.400000 0.000000 0.000000 0.500000 0.500000 0.600000 0.600000 0.500000 1.000000 0.520000 0.940000 
0.400000 0.000000 0.000000 0.500000 0.500000 0.600000 0.600000 0.500000 1.000000 0.520000 0.940000 
0.400000 0.000000 0.000000 0.500000 0.500000 0.600000 0.600000 0.500000 1.000000 0.520000 0.940000 
0.400000 0.000000 0.000000 0.500000 0.500000 0.600000 0.600000 0.500000 1.000000 0.520000 0.940000 
0.400000 0.000000 0.000000 0.500000 0.500000 0.600000 0.600000 0.500000 1.000000 0.520000 0.940000 
0.400000 0.000000 0.000000 0.500000 0.500000 0.600000 0.600000 0.500000 1.000000 0.520000 0.940000 
0.400000 0.000000 0.000000 0.500000 0.500000 0.600000 0.600000 0.500000 1.000000 0.520000 0.940000 
0.400000 0.000000 0.000000 0.500000 0.500000 0.600000 0.600000 0.500000 1.000000 0.520000 0.940000 
0.400000 0.000000 0.000000 0.500000 0.500000 0.600000 0.600000 0.500000 1.000000 0.520000 0.940000 
0.400000 0.000000 0.000000 0.500000 0.500000 0.600000 0.600000 0.500000 1.000000 0.520000 0.940000 
0.400000 0.000000 0.000000 0.500000 0.500000 0.600000 0.600000 0.500000 1.000000 0.520000 0.940000 
0.400000 0.000000 0.000000 0.500000 0.500000 0.600000 0.600000 0.500000 1.000000 0.520000 0.940000 
0.400000 0.000000 0.000000 0.500000 0.500000 0.600000 0.600000 0.500000 1.000000 0.520000 0.940000 
0.400000 0.000000 0.000000 0.500000 0.500000 0.600000 0.600000 0.500000 1.000000 0.520000 0.940000 
0.400000 0.000000 0.000000 0.500000 0.500000 0.600000 0.600000 0.500000 1.000000 0.520000 0.940000 
0.400000 0.000000 0.000000 0.500000 0.500000 0.600000 0.600000 0.500000 1.000000 0.520000 0.940000 
0.400000 0.000000 0.000000 0.500000 0.500000 0.600000 0.600000 0.500000 1.000000 0.520000 0.940000 
0.400000 0.000000 0.000000 0.500000 0.500000 0.600000 0.600000 0.500000 1.000000 0.520000 0.940000 
0.400000 0.000000 0.000000 0.500000 0.500000 0.600000 0.600000 0.500000 1.000000 0.520000 0.940000 
0.400000 0.000000 0.000000 0.500000 0.500000 0.600000 0.600000 0.500000 1.000000 0.520000 0.940000 
0.400000 0.000000 0.000000 0.500000 0.500000 0.600000 0.600000 0.500000 1.000000 0.520000 0.940000 
0.400000 0.000000 0.000000 0.500000 0.500000 0.600000 0.600000 0.500000 1.000000 0.520000 0.940000 
0.400000 0.000000 0.000000 0.500000 0.500000 0.600000 0.600000 0.500000 1.000000 0.520000 0.940000 
0.400000 0.000000 0.000000 0.500000 0.500000 0.600000 0.600000 0.500000 1.000000 0.520000 0.940000 
0.400000 0.000000 0.000000 0.500000 0.500000 0.600000 0.600000 0.500000 1.000000 0.520000 0.940000 
0.400000 0.000000 0.000000 0.500000 0.500000 0.600000 0.600000 0.500000 1.000000 0.520000 0.940000 
0.400000 0.000000 0.000000 0.500000 0.500000 0.600000 0.600000 0.500000 1.000000 0.520000 0.940000 
0.400000 0.000000 0.000000 0.500000 0.500000 0.600000 0.600000 0.500000 1.000000 0.520000 0.940000 
0.400000 0.000000 0.000000 0.500000 0.500000 0.600000 0.600000 0.500000 1.000000 0.520000 0.940000 
0.400000 0.000000 0.000000 0.500000 0.500000 0.600000 0.600000 0.500000 1.000000 0.520000 0.940000 
0.400000 0.000000 0.000000 0.500000 0.500000 0.600000 0.600000 0.500000 1.000000 0.520000 0.940000 
0.400000 0.000000 0.000000 0.500000 0.500000 0.600000 0.600000 0.500000 1.000000 0.520000 0.940000 
0.400000 0.000000 0.000000 0.500000 0.500000 0.600000 0.600000 0.500000 1.000000 0.520000 0.940000 
0.400000 0.000000 0.000000 0.500000 0.500000 0.600000 0.600000 0.500000 1.000000 0.520000 0.940000 
0.400000 0.000000 0.000000 0.500000 0.500000 0.600000 0.600000 0.500000 1.000000 0.520000 0.940000 
0.400000 0.000000 0.000000 0.500000 0.500000 0.600000 0.600000 0.500000 1.000000 0.520000 0.940000 
0.400000 0.000000 0.000000 0.500000 0.500000 0.600000 0.600000 0.500000 1.000000 0.520000 0.940000 
0.400000 0.000000 0.000000 0.500000 0.500000 0.600000 0.600000 0.500000 1.000000 0.520000 0.940000 
0.400000 0.000000 0.000000 0.500000 0.500000 0.600000 0.600000 0.500000 1.000000 0.520000 0.940000 
0.400000 0.000000 0.000000 0.500000 0.500000 0.600000 0.600000 0.500000 1.000000 0.520000 0.940000 
0.400000 0.000000 0.000000 0.500000 0.500000 0.600000 0.600000 0.500000 1.000000 0.520000 0.940000 
0.400000 0.000000 0.000000 0.500000 0.500000 0.600000 0.600000 0.500000 1.000000 0.520000 0.940000 
0.400000 0.000000 0.000000 0.500000 0.500000 0.600000 0.600000 0.500000 1.000000 0.520000 0.940000 
0.400000 0.000000 0.000000 0.500000 0.500000 0.600000 0.600000 0.500000 1.000000 0.520000 0.940000 
0.400000 0.000000 0.000000 0.500000 0.500000 0.600000 0.600000 0.500000 1.000000 0.520000 0.940000 
0.400000 0.000000 0.000000 0.500000 0.500000 0.600000 0.600000 0.500000 1.000000 0.520000 0.940000 
0.400000 0.000000 0.000000 0.500000 0.500000 0.600000 0.600000 0.500000 1.000000 0.520000 0.940000 
0.400000 0.000000 0.000000 0.500000 0.500000 0.600000 0.600000 0.500000 1.000000 0.520000 0.940000 
0.400000 0.000000 0.000000 0.500000 0.500000 0.600000 0.600000 0.500000 1.000000 0.520000 0.940000 
0.400000 0.000000 0.000000 0.500000 0.500000 0.600000 0.600000 0.500000 1.000000 0.520000 0.940000 
0.400000 0.000000 0.000000 0.500000 0.500000 0.600000 0.600000 0.500000 1.000000 0.520000 0.940000 
0.400000 0.000000 0.000000 0.500000 0.500000 0.600000 0.600000 0.500000 1.000000 0.520000 0.940000 
0.400000 0.000000 0.000000 0.500000 0.500000 0.600000 0.600000 0.500000 1.000000 0.520000 0.940000 
0.400000 0.000000 0.000000 0.500000 0.500000 0.600000 0.600000 0.500000 1.000000 0.520000 0.940000 
0.400000 0.000000 0.000000 0.500000 0.500000 0.600000 0.600000 0.500000 1.000000 0.520000 0.940000 
0.400000 0.000000 0.000000 0.500000 0.500000 0.600000 0.600000 0.500000 1.000000 0.520000 0.940000 
0.400000 0.000000 0.000000 0.500000 0.500000 0.600000 0.600000 0.500000 1.000000 0.520000 0.940000 
0.400000 0.000000 0.000000 0.500000 0.500000 0.600000 0.600000 0.500000 1.000000 0.520000 0.940000 
0.400000 0.000000 0.000000 0.500000 0.500000 0.600000 0.600000 0.500000 1.000000 0.520000 0.940000 
0.400000 0.000000 0.000000 0.500000 0.500000 0.600000 0.600000 0.500000 1.000000 0.520000 0.940000 
0.400000 0.000000 0.000000 0.500000 0.500000 0.600000 0.600000 0.500000 1.000000 0.520000 0.940000 
0.400000 0.000000 0.000000 0.500000 0.500000 0.600000 0.600000 0.500000 1.000000 0.520000 0.940000 
