0.000000 0.000000 0.000000 0.000000 0.000000 0.000000 0.000000 0.000000 0.000000 0.000000 0.000000 0.000000 0.000000 
0.100000 0.000000 0.000000 0.000000 0.000000 0.300000 0.300000 0.200000 1.000000 0.000000 0.000000 0.000000 0.000000 
0.100000 0.000000 0.000000 0.000000 0.000000 0.300000 0.300000 0.200000 1.000000 0.640000 0.880000 0.000000 0.000000 
0.100000 0.000000 0.000000 0.000000 0.000000 0.300000 0.300000 0.200000 1.000000 0.520000 1.000000 0.192000 0.264000 
0.100000 0.000000 0.000000 0.000000 0.000000 0.300000 0.300000 0.200000 1.000000 0.400000 1.120000 0.156000 0.300000 
0.100000 0.000000 0.000000 0.000000 0.000000 0.300000 0.300000 0.200000 1.000000 0.280000 1.240000 0.120000 0.336000 
0.100000 0.000000 0.000000 0.000000 0.000000 0.300000 0.300000 0.200000 1.000000 0.160000 1.360000 0.084000 0.372000 
0.100000 0.000000 0.000000 0.000000 0.000000 0.300000 0.300000 0.200000 1.000000 0.040000 1.480000 0.048000 0.408000 
0.100000 0.000000 0.000000 0.000000 0.000000 0.300000 0.300000 0.200000 1.000000 0.000000 1.600000 0.012000 0.444000 
0.100000 0.000000 0.000000 0.000000 0.000000 0.300000 0.300000 0.200000 1.000000 0.000000 1.680000 0.000000 0.480000 
0.100000 0.000000 0.000000 0.000000 0.000000 0.300000 0.300000 0.200000 1.000000 0.000000 1.720000 0.000000 0.504000 
0.100000 0.000000 0.000000 0.000000 0.000000 0.300000 0.300000 0.200000 1.000000 0.000000 1.740000 0.000000 0.516000 
0.100000 0.000000 0.000000 0.000000 0.000000 0.300000 0.300000 0.200000 1.000000 0.000000 1.750000 0.000000 0.522000 
0.100000 0.000000 0.000000 0.000000 0.000000 0.300000 0.300000 0.200000 1.000000 0.000000 1.755000 0.000000 0.525000 
0.100000 0.000000 0.000000 0.000000 0.000000 0.300000 0.300000 0.200000 1.000000 0.000000 1.757500 0.000000 0.526500 
0.100000 0.000000 0.000000 0.000000 0.000000 0.300000 0.300000 0.200000 1.000000 0.000000 1.758750 0.000000 0.527250 
0.100000 0.000000 0.000000 0.000000 0.000000 0.300000 0.300000 0.200000 1.000000 0.000000 1.759375 0.000000 0.527625 
0.100000 0.000000 0.000000 0.000000 0.000000 0.300000 0.300000 0.200000 1.000000 0.000000 1.759687 0.000000 0.527812 
0.100000 0.000000 0.000000 0.000000 0.000000 0.300000 0.300000 0.200000 1.000000 0.000000 1.759844 0.000000 0.527906 
0.100000 0.000000 0.000000 0.000000 0.000000 0.300000 0.300000 0.200000 1.000000 0.000000 1.759922 0.000000 0.527953 
0.100000 0.000000 0.000000 0.000000 0.000000 0.300000 0.300000 0.200000 1.000000 0.000000 1.759961 0.000000 0.527977 
0.100000 0.000000 0.000000 0.000000 0.000000 0.300000 0.300000 0.200000 1.000000 0.000000 1.759980 0.000000 0.527988 
0.100000 0.000000 0.000000 0.000000 0.000000 0.300000 0.300000 0.200000 1.000000 0.000000 1.759990 0.000000 0.527994 
0.100000 0.000000 0.000000 0.000000 0.000000 0.300000 0.300000 0.200000 1.000000 0.000000 1.759995 0.000000 0.527997 
0.100000 0.000000 0.000000 0.000000 0.000000 0.300000 0.300000 0.200000 1.000000 0.000000 1.759998 0.000000 0.527999 
0.100000 0.000000 0.000000 0.000000 0.000000 0.300000 0.300000 0.200000 1.000000 0.000000 1.759999 0.000000 0.527999 
0.100000 0.000000 0.000000 0.000000 0.000000 0.300000 0.300000 0.200000 1.000000 0.000000 1.759999 0.000000 0.528000 
0.100000 0.000000 0.000000 0.000000 0.000000 0.300000 0.300000 0.200000 1.000000 0.000000 1.760000 0.000000 0.528000 
0.100000 0.000000 0.000000 0.000000 0.000000 0.300000 0.300000 0.200000 1.000000 0.000000 1.760000 0.000000 0.528000 
0.100000 0.000000 0.000000 0.000000 0.000000 0.300000 0.300000 0.200000 1.000000 0.000000 1.760000 0.000000 0.528000 
0.100000 0.000000 0.000000 0.000000 0.000000 0.300000 0.300000 0.200000 1.000000 0.000000 1.760000 0.000000 0.528000 
0.100000 0.000000 0.000000 0.000000 0.000000 0.300000 0.300000 0.200000 1.000000 0.000000 1.760000 0.000000 0.528000 
0.100000 0.000000 0.000000 0.000000 0.000000 0.300000 0.300000 0.200000 1.000000 0.000000 1.760000 0.000000 0.528000 
0.100000 0.000000 0.000000 0.000000 0.000000 0.300000 0.300000 0.200000 1.000000 0.000000 1.760000 0.000000 0.528000 
0.100000 0.000000 0.000000 0.000000 0.000000 0.300000 0.300000 0.200000 1.000000 0.000000 1.760000 0.000000 0.528000 
0.100000 0.000000 0.000000 0.000000 0.000000 0.300000 0.300000 0.200000 1.000000 0.000000 1.760000 0.000000 0.528000 
0.100000 0.000000 0.000000 0.000000 0.000000 0.300000 0.300000 0.200000 1.000000 0.000000 1.760000 0.000000 0.528000 
0.100000 0.000000 0.000000 0.000000 0.000000 0.300000 0.300000 0.200000 1.000000 0.000000 1.760000 0.000000 0.528000 
0.100000 0.000000 0.000000 0.000000 0.000000 0.300000 0.300000 0.200000 1.000000 0.000000 1.760000 0.000000 0.528000 
0.100000 0.000000 0.000000 0.000000 0.000000 0.300000 0.300000 0.200000 1.000000 0.000000 1.760000 0.000000 0.528000 
0.100000 0.000000 0.000000 0.000000 0.000000 0.300000 0.300000 0.200000 1.000000 0.000000 1.760000 0.000000 0.528000 
0.100000 0.000000 0.000000 0.000000 0.000000 0.300000 0.300000 0.200000 1.000000 0.000000 1.760000 0.000000 0.528000 
0.100000 0.000000 0.000000 0.000000 0.000000 0.300000 0.300000 0.200000 1.000000 0.000000 1.760000 0.000000 0.528000 
0.100000 0.000000 0.000000 0.000000 0.000000 0.300000 0.300000 0.200000 1.000000 0.000000 1.760000 0.000000 0.528000 
0.100000 0.000000 0.000000 0.000000 0.000000 0.300000 0.300000 0.200000 1.000000 0.000000 1.760000 0.000000 0.528000 
0.100000 0.000000 0.000000 0.000000 0.000000 0.300000 0.300000 0.200000 1.000000 0.000000 1.760000 0.000000 0.528000 
0.100000 0.000000 0.000000 0.000000 0.000000 0.300000 0.300000 0.200000 1.000000 0.000000 1.760000 0.000000 0.528000 
0.100000 0.000000 0.000000 0.000000 0.000000 0.300000 0.300000 0.200000 1.000000 0.000000 1.760000 0.000000 0.528000 
0.100000 0.000000 0.000000 0.000000 0.000000 0.300000 0.300000 0.200000 1.000000 0.000000 1.760000 0.000000 0.528000 
0.100000 0.000000 0.000000 0.000000 0.000000 0.300000 0.300000 0.200000 1.000000 0.000000 1.760000 0.000000 0.528000 
0.000000 0.000000 0.000000 0.000000 0.000000 0.000000 0.000000 0.000000 0.000000 0.000000 0.000000 0.000000 0.000000 
0.100000 0.000000 0.000000 0.000000 0.000000 0.300000 0.300000 0.200000 1.000000 0.000000 0.000000 0.000000 0.000000 
0.100000 0.000000 0.000000 0.000000 0.000000 0.300000 0.300000 0.200000 1.000000 0.640000 0.880000 0.000000 0.000000 
0.100000 0.000000 0.000000 0.000000 0.000000 0.300000 0.300000 0.200000 1.000000 0.520000 1.000000 0.192000 0.264000 
0.100000 0.000000 0.000000 0.000000 0.000000 0.300000 0.300000 0.200000 1.000000 0.400000 1.120000 0.156000 0.300000 
0.100000 0.000000 0.000000 0.000000 0.000000 0.300000 0.300000 0.200000 1.000000 0.280000 1.240000 0.120000 0.336000 
0.100000 0.000000 0.000000 0.000000 0.000000 0.300000 0.300000 0.200000 1.000000 0.160000 1.360000 0.084000 0.372000 
0.100000 0.000000 0.000000 0.000000 0.000000 0.300000 0.300000 0.200000 1.000000 0.040000 1.480000 0.048000 0.408000 
0.100000 0.000000 0.000000 0.000000 0.000000 0.300000 0.300000 0.200000 1.000000 0.000000 1.600000 0.012000 0.444000 
0.100000 0.000000 0.000000 0.000000 0.000000 0.300000 0.300000 0.200000 1.000000 0.000000 1.680000 0.000000 0.480000 
0.100000 0.000000 0.000000 0.000000 0.000000 0.300000 0.300000 0.200000 1.000000 0.000000 1.720000 0.000000 0.504000 
0.100000 0.000000 0.000000 0.000000 0.000000 0.300000 0.300000 0.200000 1.000000 0.000000 1.740000 0.000000 0.516000 
0.100000 0.000000 0.000000 0.000000 0.000000 0.300000 0.300000 0.200000 1.000000 0.000000 1.750000 0.000000 0.522000 
0.100000 0.000000 0.000000 0.000000 0.000000 0.300000 0.300000 0.200000 1.000000 0.000000 1.755000 0.000000 0.525000 
0.100000 0.000000 0.000000 0.000000 0.000000 0.300000 0.300000 0.200000 1.000000 0.000000 1.757500 0.000000 0.526500 
0.100000 0.000000 0.000000 0.000000 0.000000 0.300000 0.300000 0.200000 1.000000 0.000000 1.758750 0.000000 0.527250 
0.100000 0.000000 0.000000 0.000000 0.000000 0.300000 0.300000 0.200000 1.000000 0.000000 1.759375 0.000000 0.527625 
0.100000 0.000000 0.000000 0.000000 0.000000 0.300000 0.300000 0.200000 1.000000 0.000000 1.759687 0.000000 0.527812 
0.100000 0.000000 0.000000 0.000000 0.000000 0.300000 0.300000 0.200000 1.000000 0.000000 1.759844 0.000000 0.527906 
0.100000 0.000000 0.000000 0.000000 0.000000 0.300000 0.300000 0.200000 1.000000 0.000000 1.759922 0.000000 0.527953 
0.100000 0.000000 0.000000 0.000000 0.000000 0.300000 0.300000 0.200000 1.000000 0.000000 1.759961 0.000000 0.527977 
0.100000 0.000000 0.000000 0.000000 0.000000 0.300000 0.300000 0.200000 1.000000 0.000000 1.759980 0.000000 0.527988 
0.100000 0.000000 0.000000 0.000000 0.000000 0.300000 0.300000 0.200000 1.000000 0.000000 1.759990 0.000000 0.527994 
0.100000 0.000000 0.000000 0.000000 0.000000 0.300000 0.300000 0.200000 1.000000 0.000000 1.759995 0.000000 0.527997 
0.100000 0.000000 0.000000 0.000000 0.000000 0.300000 0.300000 0.200000 1.000000 0.000000 1.759998 0.000000 0.527999 
0.100000 0.000000 0.000000 0.000000 0.000000 0.300000 0.300000 0.200000 1.000000 0.000000 1.759999 0.000000 0.527999 
0.100000 0.000000 0.000000 0.000000 0.000000 0.300000 0.300000 0.200000 1.000000 0.000000 1.759999 0.000000 0.528000 
0.100000 0.000000 0.000000 0.000000 0.000000 0.300000 0.300000 0.200000 1.000000 0.000000 1.760000 0.000000 0.528000 
0.100000 0.000000 0.000000 0.000000 0.000000 0.300000 0.300000 0.200000 1.000000 0.000000 1.760000 0.000000 0.528000 
0.100000 0.000000 0.000000 0.000000 0.000000 0.300000 0.300000 0.200000 1.000000 0.000000 1.760000 0.000000 0.528000 
0.100000 0.000000 0.000000 0.000000 0.000000 0.300000 0.300000 0.200000 1.000000 0.000000 1.760000 0.000000 0.528000 
0.100000 0.000000 0.000000 0.000000 0.000000 0.300000 0.300000 0.200000 1.000000 0.000000 1.760000 0.000000 0.528000 
0.100000 0.000000 0.000000 0.000000 0.000000 0.300000 0.300000 0.200000 1.000000 0.000000 1.760000 0.000000 0.528000 
0.100000 0.000000 0.000000 0.000000 0.000000 0.300000 0.300000 0.200000 1.000000 0.000000 1.760000 0.000000 0.528000 
0.100000 0.000000 0.000000 0.000000 0.000000 0.300000 0.300000 0.200000 1.000000 0.000000 1.760000 0.000000 0.528000 
0.100000 0.000000 0.000000 0.000000 0.000000 0.300000 0.300000 0.200000 1.000000 0.000000 1.760000 0.000000 0.528000 
0.100000 0.000000 0.000000 0.000000 0.000000 0.300000 0.300000 0.200000 1.000000 0.000000 1.760000 0.000000 0.528000 
0.100000 0.000000 0.000000 0.000000 0.000000 0.300000 0.300000 0.200000 1.000000 0.000000 1.760000 0.000000 0.528000 
0.100000 0.000000 0.000000 0.000000 0.000000 0.300000 0.300000 0.200000 1.000000 0.000000 1.760000 0.000000 0.528000 
0.100000 0.000000 0.000000 0.000000 0.000000 0.300000 0.300000 0.200000 1.000000 0.000000 1.760000 0.000000 0.528000 
0.100000 0.000000 0.000000 0.000000 0.000000 0.300000 0.300000 0.200000 1.000000 0.000000 1.760000 0.000000 0.528000 
0.100000 0.000000 0.000000 0.000000 0.000000 0.300000 0.300000 0.200000 1.000000 0.000000 1.760000 0.000000 0.528000 
0.100000 0.000000 0.000000 0.000000 0.000000 0.300000 0.300000 0.200000 1.000000 0.000000 1.760000 0.000000 0.528000 
0.100000 0.000000 0.000000 0.000000 0.000000 0.300000 0.300000 0.200000 1.000000 0.000000 1.760000 0.000000 0.528000 
0.100000 0.000000 0.000000 0.000000 0.000000 0.300000 0.300000 0.200000 1.000000 0.000000 1.760000 0.000000 0.528000 
0.100000 0.000000 0.000000 0.000000 0.000000 0.300000 0.300000 0.200000 1.000000 0.000000 1.760000 0.000000 0.528000 
0.100000 0.000000 0.000000 0.000000 0.000000 0.300000 0.300000 0.200000 1.000000 0.000000 1.760000 0.000000 0.528000 
0.100000 0.000000 0.000000 0.000000 0.000000 0.300000 0.300000 0.200000 1.000000 0.000000 1.760000 0.000000 0.528000 
0.100000 0.000000 0.000000 0.000000 0.000000 0.300000 0.300000 0.200000 1.000000 0.000000 1.760000 0.000000 0.528000 
0.100000 0.000000 0.000000 0.000000 0.000000 0.300000 0.300000 0.200000 1.000000 0.000000 1.760000 0.000000 0.528000 
0.000000 0.000000 0.000000 0.000000 0.000000 0.000000 0.000000 0.000000 0.000000 0.000000 0.000000 0.000000 0.000000 
0.100000 0.000000 0.000000 0.000000 0.000000 0.300000 0.300000 0.200000 1.000000 0.000000 0.000000 0.000000 0.000000 
0.100000 0.000000 0.000000 0.000000 0.000000 0.300000 0.300000 0.200000 1.000000 0.056667 0.209167 0.000000 0.000000 
0.100000 0.000000 0.000000 0.000000 0.000000 0.300000 0.300000 0.200000 1.000000 0.000000 0.000000 0.056667 0.209167 
0.100000 0.000000 0.000000 0.000000 0.000000 0.300000 0.300000 0.200000 1.000000 1031.745613 75951.803477 0.000000 0.000000 
0.100000 0.000000 0.000000 0.000000 0.000000 0.300000 0.300000 0.200000 1.000000 0.000000 0.000000 1031.745613 75951.803477 
0.100000 0.000000 0.000000 0.000000 0.000000 0.300000 0.300000 0.200000 1.000000 366419.079380 990613055.878090 0.000000 0.000000 
0.100000 0.000000 0.000000 0.000000 0.000000 0.300000 0.300000 0.200000 1.000000 0.000000 0.000000 366419.079380 990613055.878090 
0.100000 0.000000 0.000000 0.000000 0.000000 0.300000 0.300000 0.200000 1.000000 3944935379.155882 12918520490791.621000 0.000000 0.000000 
0.100000 0.000000 0.000000 0.000000 0.000000 0.300000 0.300000 0.200000 1.000000 0.000000 0.000000 3944935379.155882 12918520490791.621000 
0.100000 0.000000 0.000000 0.000000 0.000000 0.300000 0.300000 0.200000 1.000000 51393372445801.203000 168469537716493220.000000 0.000000 0.000000 
0.100000 0.000000 0.000000 0.000000 0.000000 0.300000 0.300000 0.200000 1.000000 0.000000 0.000000 51393372445801.203000 168469537716493220.000000 
0.100000 0.000000 0.000000 0.000000 0.000000 0.300000 0.300000 0.200000 1.000000 670214160783794430.000000 2196999657977862900000.000000 0.000000 0.000000 
0.100000 0.000000 0.000000 0.000000 0.000000 0.300000 0.300000 0.200000 1.000000 0.000000 0.000000 670214160783794430.000000 2196999657977862900000.000000 
0.100000 0.000000 0.000000 0.000000 0.000000 0.300000 0.300000 0.200000 1.000000 8740216583794074800000.000000 28650921481401980000000000.000000 0.000000 0.000000 
0.100000 0.000000 0.000000 0.000000 0.000000 0.300000 0.300000 0.200000 1.000000 0.000000 0.000000 8740216583794074800000.000000 28650921481401980000000000.000000 
0.100000 0.000000 0.000000 0.000000 0.000000 0.300000 0.300000 0.200000 1.000000 113980563508568290000000000.000000 373634697098212670000000000000.000000 0.000000 0.000000 
0.100000 0.000000 0.000000 0.000000 0.000000 0.300000 0.300000 0.200000 1.000000 0.000000 0.000000 113980563508568290000000000.000000 373634697098212670000000000000.000000 
0.100000 0.000000 0.000000 0.000000 0.000000 0.300000 0.300000 0.200000 1.000000 1486412691795226100000000000000.000000 4872544394995910300000000000000000.000000 0.000000 0.000000 
0.100000 0.000000 0.000000 0.000000 0.000000 0.300000 0.300000 0.200000 1.000000 0.000000 0.000000 1486412691795226100000000000000.000000 4872544394995910300000000000000000.000000 
0.100000 0.000000 0.000000 0.000000 0.000000 0.300000 0.300000 0.200000 1.000000 19384205712976968000000000000000000.000000 63542516435419219000000000000000000000.000000 0.000000 0.000000 
0.100000 0.000000 0.000000 0.000000 0.000000 0.300000 0.300000 0.200000 1.000000 0.000000 0.000000 19384205712976968000000000000000000.000000 63542516435419219000000000000000000000.000000 
0.100000 0.000000 0.000000 0.000000 0.000000 0.300000 0.300000 0.200000 1.000000 252788093910311080000000000000000000000.000000 828653587865136450000000000000000000000000.000000 0.000000 0.000000 
0.100000 0.000000 0.000000 0.000000 0.000000 0.300000 0.300000 0.200000 1.000000 0.000000 0.000000 252788093910311080000000000000000000000.000000 828653587865136450000000000000000000000000.000000 
0.100000 0.000000 0.000000 0.000000 0.000000 0.300000 0.300000 0.200000 1.000000 3296592151827427800000000000000000000000000.000000 10806414463922752000000000000000000000000000000.000000 0.000000 0.000000 
0.100000 0.000000 0.000000 0.000000 0.000000 0.300000 0.300000 0.200000 1.000000 0.000000 0.000000 3296592151827427800000000000000000000000000.000000 10806414463922752000000000000000000000000000000.000000 
0.100000 0.000000 0.000000 0.000000 0.000000 0.300000 0.300000 0.200000 1.000000 42990631589421193000000000000000000000000000000.000000 140925708011397130000000000000000000000000000000000.000000 0.000000 0.000000 
0.100000 0.000000 0.000000 0.000000 0.000000 0.300000 0.300000 0.200000 1.000000 0.000000 0.000000 42990631589421193000000000000000000000000000000.000000 140925708011397130000000000000000000000000000000000.000000 
0.100000 0.000000 0.000000 0.000000 0.000000 0.300000 0.300000 0.200000 1.000000 560637870666777500000000000000000000000000000000000.000000 1837802468600146600000000000000000000000000000000000000.000000 0.000000 0.000000 
0.100000 0.000000 0.000000 0.000000 0.000000 0.300000 0.300000 0.200000 1.000000 0.000000 0.000000 560637870666777500000000000000000000000000000000000.000000 1837802468600146600000000000000000000000000000000000000.000000 
0.100000 0.000000 0.000000 0.000000 0.000000 0.300000 0.300000 0.200000 1.000000 7311239923795920900000000000000000000000000000000000000.000000 23966655631913816000000000000000000000000000000000000000000.000000 0.000000 0.000000 
0.100000 0.000000 0.000000 0.000000 0.000000 0.300000 0.300000 0.200000 1.000000 0.000000 0.000000 7311239923795920900000000000000000000000000000000000000.000000 23966655631913816000000000000000000000000000000000000000000.000000 
0.100000 0.000000 0.000000 0.000000 0.000000 0.300000 0.300000 0.200000 1.000000 95345377150018830000000000000000000000000000000000000000000.000000 312547508229362040000000000000000000000000000000000000000000000.000000 0.000000 0.000000 
0.100000 0.000000 0.000000 0.000000 0.000000 0.300000 0.300000 0.200000 1.000000 0.000000 0.000000 95345377150018830000000000000000000000000000000000000000000.000000 312547508229362040000000000000000000000000000000000000000000000.000000 
0.100000 0.000000 0.000000 0.000000 0.000000 0.300000 0.300000 0.200000 1.000000 1243392507786766100000000000000000000000000000000000000000000000.000000 4075910565106350400000000000000000000000000000000000000000000000000.000000 0.000000 0.000000 
0.100000 0.000000 0.000000 0.000000 0.000000 0.300000 0.300000 0.200000 1.000000 0.000000 0.000000 1243392507786766100000000000000000000000000000000000000000000000.000000 4075910565106350400000000000000000000000000000000000000000000000000.000000 
0.100000 0.000000 0.000000 0.000000 0.000000 0.300000 0.300000 0.200000 1.000000 16214996202571085000000000000000000000000000000000000000000000000000.000000 53153669433685366000000000000000000000000000000000000000000000000000000.000000 0.000000 0.000000 
0.100000 0.000000 0.000000 0.000000 0.000000 0.300000 0.300000 0.200000 1.000000 0.000000 0.000000 16214996202571085000000000000000000000000000000000000000000000000000.000000 53153669433685366000000000000000000000000000000000000000000000000000000.000000 
0.100000 0.000000 0.000000 0.000000 0.000000 0.300000 0.300000 0.200000 1.000000 211458650589267330000000000000000000000000000000000000000000000000000000.000000 693173348417614110000000000000000000000000000000000000000000000000000000000.000000 0.000000 0.000000 
0.100000 0.000000 0.000000 0.000000 0.000000 0.300000 0.300000 0.200000 1.000000 0.000000 0.000000 211458650589267330000000000000000000000000000000000000000000000000000000.000000 693173348417614110000000000000000000000000000000000000000000000000000000000.000000 
0.100000 0.000000 0.000000 0.000000 0.000000 0.300000 0.300000 0.200000 1.000000 2757617723150856700000000000000000000000000000000000000000000000000000000000.000000 9039625976452038900000000000000000000000000000000000000000000000000000000000000.000000 0.000000 0.000000 
0.100000 0.000000 0.000000 0.000000 0.000000 0.300000 0.300000 0.200000 1.000000 0.000000 0.000000 2757617723150856700000000000000000000000000000000000000000000000000000000000.000000 9039625976452038900000000000000000000000000000000000000000000000000000000000000.000000 
0.100000 0.000000 0.000000 0.000000 0.000000 0.300000 0.300000 0.200000 1.000000 35961903123114329000000000000000000000000000000000000000000000000000000000000000.000000 117885140824710400000000000000000000000000000000000000000000000000000000000000000000.000000 0.000000 0.000000 
0.100000 0.000000 0.000000 0.000000 0.000000 0.300000 0.300000 0.200000 1.000000 0.000000 0.000000 35961903123114329000000000000000000000000000000000000000000000000000000000000000.000000 117885140824710400000000000000000000000000000000000000000000000000000000000000000000.000000 
0.100000 0.000000 0.000000 0.000000 0.000000 0.300000 0.300000 0.200000 1.000000 468976706009338250000000000000000000000000000000000000000000000000000000000000000000.000000 1537332016110272200000000000000000000000000000000000000000000000000000000000000000000000.000000 0.000000 0.000000 
0.100000 0.000000 0.000000 0.000000 0.000000 0.300000 0.300000 0.200000 1.000000 0.000000 0.000000 468976706009338250000000000000000000000000000000000000000000000000000000000000000000.000000 1537332016110272200000000000000000000000000000000000000000000000000000000000000000000000.000000 
0.100000 0.000000 0.000000 0.000000 0.000000 0.300000 0.300000 0.200000 1.000000 6115892977810857400000000000000000000000000000000000000000000000000000000000000000000000.000000 20048241120328492000000000000000000000000000000000000000000000000000000000000000000000000000.000000 0.000000 0.000000 
0.100000 0.000000 0.000000 0.000000 0.000000 0.300000 0.300000 0.200000 1.000000 0.000000 0.000000 6115892977810857400000000000000000000000000000000000000000000000000000000000000000000000.000000 20048241120328492000000000000000000000000000000000000000000000000000000000000000000000000000.000000 
0.100000 0.000000 0.000000 0.000000 0.000000 0.300000 0.300000 0.200000 1.000000 79756939815452934000000000000000000000000000000000000000000000000000000000000000000000000000.000000 261447734000746850000000000000000000000000000000000000000000000000000000000000000000000000000000.000000 0.000000 0.000000 
0.100000 0.000000 0.000000 0.000000 0.000000 0.300000 0.300000 0.200000 1.000000 0.000000 0.000000 79756939815452934000000000000000000000000000000000000000000000000000000000000000000000000000.000000 261447734000746850000000000000000000000000000000000000000000000000000000000000000000000000000000.000000 
0.000000 0.000000 0.000000 0.000000 0.000000 0.000000 0.000000 0.000000 0.000000 0.000000 0.000000 0.000000 0.000000 0.000000 
0.100000 0.000000 0.000000 0.000000 0.000000 0.300000 0.300000 0.200000 1.000000 0.000000 0.000000 0.000000 0.000000 0.000000 
0.100000 0.000000 0.000000 0.000000 0.000000 0.300000 0.300000 0.200000 1.000000 0.000000 0.056667 0.209167 0.000000 0.000000 
0.100000 0.000000 0.000000 0.000000 0.000000 0.300000 0.300000 0.200000 1.000000 0.000000 0.000000 0.285417 0.056667 0.209167 
0.100000 0.000000 0.000000 0.000000 0.000000 0.300000 0.300000 0.200000 1.000000 0.000000 1031.602905 0.351875 0.000000 0.285417 
0.100000 0.000000 0.000000 0.000000 0.000000 0.300000 0.300000 0.200000 1.000000 0.000000 0.000000 0.000000 1031.602905 0.351875 
0.100000 0.000000 0.000000 0.000000 0.000000 0.300000 0.300000 0.200000 1.000000 0.000000 65708.883128 0.000000 0.000000 0.000000 
0.100000 0.000000 0.000000 0.000000 0.000000 0.300000 0.300000 0.200000 1.000000 0.000000 0.000000 0.000000 65708.883128 0.000000 
0.100000 0.000000 0.000000 0.000000 0.000000 0.300000 0.300000 0.200000 1.000000 0.000000 4120886.646006 0.000000 0.000000 0.000000 
0.100000 0.000000 0.000000 0.000000 0.000000 0.300000 0.300000 0.200000 1.000000 0.000000 0.000000 0.000000 4120886.646006 0.000000 
0.100000 0.000000 0.000000 0.000000 0.000000 0.300000 0.300000 0.200000 1.000000 0.000000 258375120.607442 0.000000 0.000000 0.000000 
0.100000 0.000000 0.000000 0.000000 0.000000 0.300000 0.300000 0.200000 1.000000 0.000000 0.000000 0.000000 258375120.607442 0.000000 
0.100000 0.000000 0.000000 0.000000 0.000000 0.300000 0.300000 0.200000 1.000000 0.000000 16199776279.168825 0.000000 0.000000 0.000000 
0.100000 0.000000 0.000000 0.000000 0.000000 0.300000 0.300000 0.200000 1.000000 0.000000 0.000000 0.000000 16199776279.168825 0.000000 
0.100000 0.000000 0.000000 0.000000 0.000000 0.300000 0.300000 0.200000 1.000000 0.000000 1015704354585.335900 0.000000 0.000000 0.000000 
0.100000 0.000000 0.000000 0.000000 0.000000 0.300000 0.300000 0.200000 1.000000 0.000000 0.000000 0.000000 1015704354585.335900 0.000000 
0.100000 0.000000 0.000000 0.000000 0.000000 0.300000 0.300000 0.200000 1.000000 0.000000 63683307541929.211000 0.000000 0.000000 0.000000 
0.100000 0.000000 0.000000 0.000000 0.000000 0.300000 0.300000 0.200000 1.000000 0.000000 0.000000 0.000000 63683307541929.211000 0.000000 
0.100000 0.000000 0.000000 0.000000 0.000000 0.300000 0.300000 0.200000 1.000000 0.000000 3992858395365698.000000 0.000000 0.000000 0.000000 
0.100000 0.000000 0.000000 0.000000 0.000000 0.300000 0.300000 0.200000 1.000000 0.000000 0.000000 0.000000 3992858395365698.000000 0.000000 
0.100000 0.000000 0.000000 0.000000 0.000000 0.300000 0.300000 0.200000 1.000000 0.000000 250346892785702910.000000 0.000000 0.000000 0.000000 
0.100000 0.000000 0.000000 0.000000 0.000000 0.300000 0.300000 0.200000 1.000000 0.000000 0.000000 0.000000 250346892785702910.000000 0.000000 
0.100000 0.000000 0.000000 0.000000 0.000000 0.300000 0.300000 0.200000 1.000000 0.000000 15696416081321069000.000000 0.000000 0.000000 0.000000 
0.100000 0.000000 0.000000 0.000000 0.000000 0.300000 0.300000 0.200000 1.000000 0.000000 0.000000 0.000000 15696416081321069000.000000 0.000000 
0.100000 0.000000 0.000000 0.000000 0.000000 0.300000 0.300000 0.200000 1.000000 0.000000 984144340904018710000.000000 0.000000 0.000000 0.000000 
0.100000 0.000000 0.000000 0.000000 0.000000 0.300000 0.300000 0.200000 1.000000 0.000000 0.000000 0.000000 984144340904018710000.000000 0.000000 
0.100000 0.000000 0.000000 0.000000 0.000000 0.300000 0.300000 0.200000 1.000000 0.000000 61704536800982246000000.000000 0.000000 0.000000 0.000000 
0.100000 0.000000 0.000000 0.000000 0.000000 0.300000 0.300000 0.200000 1.000000 0.000000 0.000000 0.000000 61704536800982246000000.000000 0.000000 
0.100000 0.000000 0.000000 0.000000 0.000000 0.300000 0.300000 0.200000 1.000000 0.000000 3868792110643355400000000.000000 0.000000 0.000000 0.000000 
0.100000 0.000000 0.000000 0.000000 0.000000 0.300000 0.300000 0.200000 1.000000 0.000000 0.000000 0.000000 3868792110643355400000000.000000 0.000000 
0.100000 0.000000 0.000000 0.000000 0.000000 0.300000 0.300000 0.200000 1.000000 0.000000 242568102304237800000000000.000000 0.000000 0.000000 0.000000 
0.100000 0.000000 0.000000 0.000000 0.000000 0.300000 0.300000 0.200000 1.000000 0.000000 0.000000 0.000000 242568102304237800000000000.000000 0.000000 
0.100000 0.000000 0.000000 0.000000 0.000000 0.300000 0.300000 0.200000 1.000000 0.000000 15208696299190545000000000000.000000 0.000000 0.000000 0.000000 
0.100000 0.000000 0.000000 0.000000 0.000000 0.300000 0.300000 0.200000 1.000000 0.000000 0.000000 0.000000 15208696299190545000000000000.000000 0.000000 
0.100000 0.000000 0.000000 0.000000 0.000000 0.300000 0.300000 0.200000 1.000000 0.000000 953564961442876190000000000000.000000 0.000000 0.000000 0.000000 
0.100000 0.000000 0.000000 0.000000 0.000000 0.300000 0.300000 0.200000 1.000000 0.000000 0.000000 0.000000 953564961442876190000000000000.000000 0.000000 
0.100000 0.000000 0.000000 0.000000 0.000000 0.300000 0.300000 0.200000 1.000000 0.000000 59787250517978268000000000000000.000000 0.000000 0.000000 0.000000 
0.100000 0.000000 0.000000 0.000000 0.000000 0.300000 0.300000 0.200000 1.000000 0.000000 0.000000 0.000000 59787250517978268000000000000000.000000 0.000000 
0.100000 0.000000 0.000000 0.000000 0.000000 0.300000 0.300000 0.200000 1.000000 0.000000 3748580819381990400000000000000000.000000 0.000000 0.000000 0.000000 
0.100000 0.000000 0.000000 0.000000 0.000000 0.300000 0.300000 0.200000 1.000000 0.000000 0.000000 0.000000 3748580819381990400000000000000000.000000 0.000000 
0.100000 0.000000 0.000000 0.000000 0.000000 0.300000 0.300000 0.200000 1.000000 0.000000 235031014768158650000000000000000000.000000 0.000000 0.000000 0.000000 
0.100000 0.000000 0.000000 0.000000 0.000000 0.300000 0.300000 0.200000 1.000000 0.000000 0.000000 0.000000 235031014768158650000000000000000000.000000 0.000000 
0.100000 0.000000 0.000000 0.000000 0.000000 0.300000 0.300000 0.200000 1.000000 0.000000 14736130969175019000000000000000000000.000000 0.000000 0.000000 0.000000 
0.100000 0.000000 0.000000 0.000000 0.000000 0.300000 0.300000 0.200000 1.000000 0.000000 0.000000 0.000000 14736130969175019000000000000000000000.000000 0.000000 
0.100000 0.000000 0.000000 0.000000 0.000000 0.300000 0.300000 0.200000 1.000000 0.000000 923935745905218450000000000000000000000.000000 0.000000 0.000000 0.000000 
0.100000 0.000000 0.000000 0.000000 0.000000 0.300000 0.300000 0.200000 1.000000 0.000000 0.000000 0.000000 923935745905218450000000000000000000000.000000 0.000000 
0.100000 0.000000 0.000000 0.000000 0.000000 0.300000 0.300000 0.200000 1.000000 0.000000 57929538244951092000000000000000000000000.000000 0.000000 0.000000 0.000000 
0.100000 0.000000 0.000000 0.000000 0.000000 0.300000 0.300000 0.200000 1.000000 0.000000 0.000000 0.000000 57929538244951092000000000000000000000000.000000 0.000000 
0.100000 0.000000 0.000000 0.000000 0.000000 0.300000 0.300000 0.200000 1.000000 0.000000 3632104739042651500000000000000000000000000.000000 0.000000 0.000000 0.000000 
0.100000 0.000000 0.000000 0.000000 0.000000 0.300000 0.300000 0.200000 1.000000 0.000000 0.000000 0.000000 3632104739042651500000000000000000000000000.000000 0.000000 
