0.000000 0.268941 0.000000 0.000000 0.000000 
0.000000 0.268941 0.466433 0.479840 0.486556 
0.000000 0.268941 0.335168 0.403529 0.436888 
0.000000 0.268941 0.289640 0.394238 0.437261 
0.000000 0.268941 0.269180 0.394696 0.440035 
0.000000 0.268941 0.258989 0.396103 0.441576 
0.000000 0.268941 0.253710 0.397146 0.442318 
0.000000 0.268941 0.250929 0.397785 0.442675 
0.000000 0.268941 0.249453 0.398151 0.442852 
0.000000 0.268941 0.248666 0.398354 0.442943 
0.000000 0.268941 0.248246 0.398466 0.442990 
0.000000 0.268941 0.248021 0.398526 0.443014 
0.000000 0.268941 0.247901 0.398558 0.443027 
0.000000 0.268941 0.247837 0.398576 0.443034 
0.000000 0.268941 0.247803 0.398585 0.443038 
0.000000 0.268941 0.247784 0.398590 0.443040 
0.000000 0.268941 0.247774 0.398593 0.443041 
0.000000 0.268941 0.247769 0.398594 0.443041 
0.000000 0.268941 0.247766 0.398595 0.443042 
0.000000 0.268941 0.247765 0.398595 0.443042 
0.000000 0.268941 0.247764 0.398595 0.443042 
0.000000 0.268941 0.247763 0.398596 0.443042 
0.000000 0.268941 0.247763 0.398596 0.443042 
0.000000 0.268941 0.247763 0.398596 0.443042 
0.000000 0.268941 0.247763 0.398596 0.443042 
0.000000 0.268941 0.247763 0.398596 0.443042 
0.000000 0.268941 0.247763 0.398596 0.443042 
0.000000 0.268941 0.247763 0.398596 0.443042 
0.000000 0.268941 0.247763 0.398596 0.443042 
0.000000 0.268941 0.247763 0.398596 0.443042 
0.000000 0.268941 0.247763 0.398596 0.443042 
0.000000 0.268941 0.247763 0.398596 0.443042 
0.000000 0.268941 0.247763 0.398596 0.443042 
0.000000 0.268941 0.247763 0.398596 0.443042 
0.000000 0.268941 0.247763 0.398596 0.443042 
0.000000 0.268941 0.247763 0.398596 0.443042 
0.000000 0.268941 0.247763 0.398596 0.443042 
0.000000 0.268941 0.247763 0.398596 0.443042 
0.000000 0.268941 0.247763 0.398596 0.443042 
0.000000 0.268941 0.247763 0.398596 0.443042 
0.000000 0.268941 0.247763 0.398596 0.443042 
0.000000 0.268941 0.247763 0.398596 0.443042 
0.000000 0.268941 0.247763 0.398596 0.443042 
0.000000 0.268941 0.247763 0.398596 0.443042 
0.000000 0.268941 0.247763 0.398596 0.443042 
0.000000 0.268941 0.247763 0.398596 0.443042 
0.000000 0.268941 0.247763 0.398596 0.443042 
0.000000 0.268941 0.247763 0.398596 0.443042 
0.000000 0.268941 0.247763 0.398596 0.443042 
0.000000 0.268941 0.247763 0.398596 0.443042 
0.000000 0.268941 0.247763 0.398596 0.443042 
0.000000 0.000000 0.247763 0.398596 0.443042 
0.000000 0.000000 0.273665 0.418086 0.456352 
0.000000 0.000000 0.283885 0.421115 0.456769 
0.000000 0.000000 0.288726 0.421247 0.456195 
0.000000 0.000000 0.291211 0.420975 0.455833 
0.000000 0.000000 0.292524 0.420738 0.455651 
0.000000 0.000000 0.293225 0.420584 0.455561 
0.000000 0.000000 0.293601 0.420493 0.455516 
0.000000 0.000000 0.293803 0.420442 0.455493 
0.000000 0.000000 0.293912 0.420413 0.455481 
0.000000 0.000000 0.293971 0.420398 0.455475 
0.000000 0.000000 0.294002 0.420389 0.455471 
0.000000 0.000000 0.294019 0.420385 0.455469 
0.000000 0.000000 0.294028 0.420382 0.455468 
0.000000 0.000000 0.294033 0.420381 0.455468 
0.000000 0.000000 0.294036 0.420380 0.455467 
0.000000 0.000000 0.294038 0.420380 0.455467 
0.000000 0.000000 0.294038 0.420379 0.455467 
0.000000 0.000000 0.294039 0.420379 0.455467 
0.000000 0.000000 0.294039 0.420379 0.455467 
0.000000 0.000000 0.294039 0.420379 0.455467 
0.000000 0.000000 0.294039 0.420379 0.455467 
0.000000 0.000000 0.294039 0.420379 0.455467 
0.000000 0.000000 0.294039 0.420379 0.455467 
0.000000 0.000000 0.294039 0.420379 0.455467 
0.000000 0.000000 0.294039 0.420379 0.455467 
0.000000 0.000000 0.294039 0.420379 0.455467 
0.000000 0.000000 0.294039 0.420379 0.455467 
0.000000 0.000000 0.294039 0.420379 0.455467 
0.000000 0.000000 0.294039 0.420379 0.455467 
0.000000 0.000000 0.294039 0.420379 0.455467 
0.000000 0.000000 0.294039 0.420379 0.455467 
0.000000 0.000000 0.294039 0.420379 0.455467 
0.000000 0.000000 0.294039 0.420379 0.455467 
0.000000 0.000000 0.294039 0.420379 0.455467 
0.000000 0.000000 0.294039 0.420379 0.455467 
0.000000 0.000000 0.294039 0.420379 0.455467 
0.000000 0.000000 0.294039 0.420379 0.455467 
0.000000 0.000000 0.294039 0.420379 0.455467 
0.000000 0.000000 0.294039 0.420379 0.455467 
0.000000 0.000000 0.294039 0.420379 0.455467 
0.000000 0.000000 0.294039 0.420379 0.455467 
0.000000 0.000000 0.294039 0.420379 0.455467 
0.000000 0.000000 0.294039 0.420379 0.455467 
0.000000 0.000000 0.294039 0.420379 0.455467 
0.000000 0.000000 0.294039 0.420379 0.455467 
0.000000 0.000000 0.294039 0.420379 0.455467 
0.000000 0.000000 0.294039 0.420379 0.455467 
0.000000 0.000000 0.294039 0.420379 0.455467 
0.000000 0.000000 0.294039 0.420379 0.455467 
0.000000 0.000000 0.294039 0.420379 0.455467 
0.000000 0.000000 0.294039 0.420379 0.455467 
0.000000 0.000000 0.294039 0.420379 0.455467 
0.000000 0.000000 0.294039 0.420379 0.455467 
0.000000 0.000000 0.294039 0.420379 0.455467 
0.000000 0.000000 0.294039 0.420379 0.455467 
0.000000 0.000000 0.294039 0.420379 0.455467 
0.000000 0.000000 0.294039 0.420379 0.455467 
0.000000 0.000000 0.294039 0.420379 0.455467 
0.000000 0.000000 0.294039 0.420379 0.455467 
0.000000 0.000000 0.294039 0.420379 0.455467 
0.000000 0.000000 0.294039 0.420379 0.455467 
0.000000 0.000000 0.294039 0.420379 0.455467 
0.000000 0.000000 0.294039 0.420379 0.455467 
0.000000 0.000000 0.294039 0.420379 0.455467 
0.000000 0.000000 0.294039 0.420379 0.455467 
0.000000 0.000000 0.294039 0.420379 0.455467 
0.000000 0.000000 0.294039 0.420379 0.455467 
0.000000 0.000000 0.294039 0.420379 0.455467 
0.000000 0.000000 0.294039 0.420379 0.455467 
0.000000 0.000000 0.294039 0.420379 0.455467 
0.000000 0.000000 0.294039 0.420379 0.455467 
0.000000 0.000000 0.294039 0.420379 0.455467 
0.000000 0.000000 0.294039 0.420379 0.455467 
0.000000 0.000000 0.294039 0.420379 0.455467 
0.000000 0.000000 0.294039 0.420379 0.455467 
0.000000 0.000000 0.294039 0.420379 0.455467 
0.000000 0.000000 0.294039 0.420379 0.455467 
0.000000 0.000000 0.294039 0.420379 0.455467 
0.000000 0.000000 0.294039 0.420379 0.455467 
0.000000 0.000000 0.294039 0.420379 0.455467 
0.000000 0.000000 0.294039 0.420379 0.455467 
0.000000 0.000000 0.294039 0.420379 0.455467 
0.000000 0.000000 0.294039 0.420379 0.455467 
0.000000 0.000000 0.294039 0.420379 0.455467 
0.000000 0.000000 0.294039 0.420379 0.455467 
0.000000 0.000000 0.294039 0.420379 0.455467 
0.000000 0.000000 0.294039 0.420379 0.455467 
0.000000 0.000000 0.294039 0.420379 0.455467 
0.000000 0.000000 0.294039 0.420379 0.455467 
0.000000 0.000000 0.294039 0.420379 0.455467 
0.000000 0.000000 0.294039 0.420379 0.455467 
0.000000 0.000000 0.294039 0.420379 0.455467 
0.000000 0.000000 0.294039 0.420379 0.455467 
0.000000 0.000000 0.294039 0.420379 0.455467 
0.000000 0.000000 0.294039 0.420379 0.455467 
0.000000 0.000000 0.294039 0.420379 0.455467 
0.000000 0.000000 0.294039 0.420379 0.455467 
0.000000 0.000000 0.294039 0.420379 0.455467 
0.000000 0.268941 0.000000 0.000000 0.000000 
0.000000 0.268941 0.466433 0.479840 0.486556 
0.000000 0.268941 0.335168 0.403529 0.436888 
0.000000 0.268941 0.289640 0.394238 0.437261 
0.000000 0.268941 0.269180 0.394696 0.440035 
0.000000 0.268941 0.258989 0.396103 0.441576 
0.000000 0.268941 0.253710 0.397146 0.442318 
0.000000 0.268941 0.250929 0.397785 0.442675 
0.000000 0.268941 0.249453 0.398151 0.442852 
0.000000 0.268941 0.248666 0.398354 0.442943 
0.000000 0.268941 0.248246 0.398466 0.442990 
0.000000 0.268941 0.248021 0.398526 0.443014 
0.000000 0.268941 0.247901 0.398558 0.443027 
0.000000 0.268941 0.247837 0.398576 0.443034 
0.000000 0.268941 0.247803 0.398585 0.443038 
0.000000 0.268941 0.247784 0.398590 0.443040 
0.000000 0.268941 0.247774 0.398593 0.443041 
0.000000 0.268941 0.247769 0.398594 0.443041 
0.000000 0.268941 0.247766 0.398595 0.443042 
0.000000 0.268941 0.247765 0.398595 0.443042 
0.000000 0.268941 0.247764 0.398595 0.443042 
0.000000 0.268941 0.247763 0.398596 0.443042 
0.000000 0.268941 0.247763 0.398596 0.443042 
0.000000 0.268941 0.247763 0.398596 0.443042 
0.000000 0.268941 0.247763 0.398596 0.443042 
0.000000 0.268941 0.247763 0.398596 0.443042 
0.000000 0.268941 0.247763 0.398596 0.443042 
0.000000 0.268941 0.247763 0.398596 0.443042 
0.000000 0.268941 0.247763 0.398596 0.443042 
0.000000 0.268941 0.247763 0.398596 0.443042 
0.000000 0.268941 0.247763 0.398596 0.443042 
0.000000 0.268941 0.247763 0.398596 0.443042 
0.000000 0.268941 0.247763 0.398596 0.443042 
0.000000 0.268941 0.247763 0.398596 0.443042 
0.000000 0.268941 0.247763 0.398596 0.443042 
0.000000 0.268941 0.247763 0.398596 0.443042 
0.000000 0.268941 0.247763 0.398596 0.443042 
0.000000 0.268941 0.247763 0.398596 0.443042 
0.000000 0.268941 0.247763 0.398596 0.443042 
0.000000 0.268941 0.247763 0.398596 0.443042 
0.000000 0.268941 0.247763 0.398596 0.443042 
0.000000 0.268941 0.247763 0.398596 0.443042 
0.000000 0.268941 0.247763 0.398596 0.443042 
0.000000 0.268941 0.247763 0.398596 0.443042 
0.000000 0.268941 0.247763 0.398596 0.443042 
0.000000 0.268941 0.247763 0.398596 0.443042 
0.000000 0.268941 0.247763 0.398596 0.443042 
0.000000 0.268941 0.247763 0.398596 0.443042 
0.000000 0.268941 0.247763 0.398596 0.443042 
0.000000 0.268941 0.247763 0.398596 0.443042 
0.000000 0.268941 0.247763 0.398596 0.443042 
0.000000 0.000000 0.247763 0.398596 0.443042 
0.000000 0.000000 0.273665 0.418086 0.456352 
0.000000 0.000000 0.283885 0.421115 0.456769 
0.000000 0.000000 0.288726 0.421247 0.456195 
0.000000 0.000000 0.291211 0.420975 0.455833 
0.000000 0.000000 0.292524 0.420738 0.455651 
0.000000 0.000000 0.293225 0.420584 0.455561 
0.000000 0.000000 0.293601 0.420493 0.455516 
0.000000 0.000000 0.293803 0.420442 0.455493 
0.000000 0.000000 0.293912 0.420413 0.455481 
0.000000 0.000000 0.293971 0.420398 0.455475 
0.000000 0.000000 0.294002 0.420389 0.455471 
0.000000 0.000000 0.294019 0.420385 0.455469 
0.000000 0.000000 0.294028 0.420382 0.455468 
0.000000 0.000000 0.294033 0.420381 0.455468 
0.000000 0.000000 0.294036 0.420380 0.455467 
0.000000 0.000000 0.294038 0.420380 0.455467 
0.000000 0.000000 0.294038 0.420379 0.455467 
0.000000 0.000000 0.294039 0.420379 0.455467 
0.000000 0.000000 0.294039 0.420379 0.455467 
0.000000 0.000000 0.294039 0.420379 0.455467 
0.000000 0.000000 0.294039 0.420379 0.455467 
0.000000 0.000000 0.294039 0.420379 0.455467 
0.000000 0.000000 0.294039 0.420379 0.455467 
0.000000 0.000000 0.294039 0.420379 0.455467 
0.000000 0.000000 0.294039 0.420379 0.455467 
0.000000 0.000000 0.294039 0.420379 0.455467 
0.000000 0.000000 0.294039 0.420379 0.455467 
0.000000 0.000000 0.294039 0.420379 0.455467 
0.000000 0.000000 0.294039 0.420379 0.455467 
0.000000 0.000000 0.294039 0.420379 0.455467 
0.000000 0.000000 0.294039 0.420379 0.455467 
0.000000 0.000000 0.294039 0.420379 0.455467 
0.000000 0.000000 0.294039 0.420379 0.455467 
0.000000 0.000000 0.294039 0.420379 0.455467 
0.000000 0.000000 0.294039 0.420379 0.455467 
0.000000 0.000000 0.294039 0.420379 0.455467 
0.000000 0.000000 0.294039 0.420379 0.455467 
0.000000 0.000000 0.294039 0.420379 0.455467 
0.000000 0.000000 0.294039 0.420379 0.455467 
0.000000 0.000000 0.294039 0.420379 0.455467 
0.000000 0.000000 0.294039 0.420379 0.455467 
0.000000 0.000000 0.294039 0.420379 0.455467 
0.000000 0.000000 0.294039 0.420379 0.455467 
0.000000 0.000000 0.294039 0.420379 0.455467 
0.000000 0.000000 0.294039 0.420379 0.455467 
0.000000 0.000000 0.294039 0.420379 0.455467 
0.000000 0.000000 0.294039 0.420379 0.455467 
0.000000 0.000000 0.294039 0.420379 0.455467 
0.000000 0.000000 0.294039 0.420379 0.455467 
0.000000 0.000000 0.294039 0.420379 0.455467 
0.000000 0.000000 0.294039 0.420379 0.455467 
0.000000 0.000000 0.294039 0.420379 0.455467 
0.000000 0.000000 0.294039 0.420379 0.455467 
0.000000 0.000000 0.294039 0.420379 0.455467 
0.000000 0.000000 0.294039 0.420379 0.455467 
0.000000 0.000000 0.294039 0.420379 0.455467 
0.000000 0.000000 0.294039 0.420379 0.455467 
0.000000 0.000000 0.294039 0.420379 0.455467 
0.000000 0.000000 0.294039 0.420379 0.455467 
0.000000 0.000000 0.294039 0.420379 0.455467 
0.000000 0.000000 0.294039 0.420379 0.455467 
0.000000 0.000000 0.294039 0.420379 0.455467 
0.000000 0.000000 0.294039 0.420379 0.455467 
0.000000 0.000000 0.294039 0.420379 0.455467 
0.000000 0.000000 0.294039 0.420379 0.455467 
0.000000 0.000000 0.294039 0.420379 0.455467 
0.000000 0.000000 0.294039 0.420379 0.455467 
0.000000 0.000000 0.294039 0.420379 0.455467 
0.000000 0.000000 0.294039 0.420379 0.455467 
0.000000 0.000000 0.294039 0.420379 0.455467 
0.000000 0.000000 0.294039 0.420379 0.455467 
0.000000 0.000000 0.294039 0.420379 0.455467 
0.000000 0.000000 0.294039 0.420379 0.455467 
0.000000 0.000000 0.294039 0.420379 0.455467 
0.000000 0.000000 0.294039 0.420379 0.455467 
0.000000 0.000000 0.294039 0.420379 0.455467 
0.000000 0.000000 0.294039 0.420379 0.455467 
0.000000 0.000000 0.294039 0.420379 0.455467 
0.000000 0.000000 0.294039 0.420379 0.455467 
0.000000 0.000000 0.294039 0.420379 0.455467 
0.000000 0.000000 0.294039 0.420379 0.455467 
0.000000 0.000000 0.294039 0.420379 0.455467 
0.000000 0.000000 0.294039 0.420379 0.455467 
0.000000 0.000000 0.294039 0.420379 0.455467 
0.000000 0.000000 0.294039 0.420379 0.455467 
0.000000 0.000000 0.294039 0.420379 0.455467 
0.000000 0.000000 0.294039 0.420379 0.455467 
0.000000 0.000000 0.294039 0.420379 0.455467 
0.000000 0.000000 0.294039 0.420379 0.455467 
0.000000 0.000000 0.294039 0.420379 0.455467 
0.000000 0.000000 0.294039 0.420379 0.455467 
0.000000 0.000000 0.294039 0.420379 0.455467 
0.000000 0.000000 0.294039 0.420379 0.455467 
0.000000 0.000000 0.294039 0.420379 0.455467 
0.000000 0.000000 0.294039 0.420379 0.455467 
0.000000 0.000000 0.294039 0.420379 0.455467 
0.000000 0.000000 0.294039 0.420379 0.455467 
0.000000 0.000000 0.294039 0.420379 0.455467 
0.000000 0.268941 0.000000 0.000000 0.000000 
0.000000 0.268941 0.466433 0.479840 0.486556 
0.000000 0.268941 0.335168 0.403529 0.436888 
0.000000 0.268941 0.289640 0.394238 0.437261 
0.000000 0.268941 0.269180 0.394696 0.440035 
0.000000 0.268941 0.258989 0.396103 0.441576 
0.000000 0.268941 0.253710 0.397146 0.442318 
0.000000 0.268941 0.250929 0.397785 0.442675 
0.000000 0.268941 0.249453 0.398151 0.442852 
0.000000 0.268941 0.248666 0.398354 0.442943 
0.000000 0.268941 0.248246 0.398466 0.442990 
0.000000 0.268941 0.248021 0.398526 0.443014 
0.000000 0.268941 0.247901 0.398558 0.443027 
0.000000 0.268941 0.247837 0.398576 0.443034 
0.000000 0.268941 0.247803 0.398585 0.443038 
0.000000 0.268941 0.247784 0.398590 0.443040 
0.000000 0.268941 0.247774 0.398593 0.443041 
0.000000 0.268941 0.247769 0.398594 0.443041 
0.000000 0.268941 0.247766 0.398595 0.443042 
0.000000 0.268941 0.247765 0.398595 0.443042 
0.000000 0.268941 0.247764 0.398595 0.443042 
0.000000 0.268941 0.247763 0.398596 0.443042 
0.000000 0.268941 0.247763 0.398596 0.443042 
0.000000 0.268941 0.247763 0.398596 0.443042 
0.000000 0.268941 0.247763 0.398596 0.443042 
0.000000 0.268941 0.247763 0.398596 0.443042 
0.000000 0.268941 0.247763 0.398596 0.443042 
0.000000 0.268941 0.247763 0.398596 0.443042 
0.000000 0.268941 0.247763 0.398596 0.443042 
0.000000 0.268941 0.247763 0.398596 0.443042 
0.000000 0.268941 0.247763 0.398596 0.443042 
0.000000 0.268941 0.247763 0.398596 0.443042 
0.000000 0.268941 0.247763 0.398596 0.443042 
0.000000 0.268941 0.247763 0.398596 0.443042 
0.000000 0.268941 0.247763 0.398596 0.443042 
0.000000 0.268941 0.247763 0.398596 0.443042 
0.000000 0.268941 0.247763 0.398596 0.443042 
0.000000 0.268941 0.247763 0.398596 0.443042 
0.000000 0.268941 0.247763 0.398596 0.443042 
0.000000 0.268941 0.247763 0.398596 0.443042 
0.000000 0.268941 0.247763 0.398596 0.443042 
0.000000 0.268941 0.247763 0.398596 0.443042 
0.000000 0.268941 0.247763 0.398596 0.443042 
0.000000 0.268941 0.247763 0.398596 0.443042 
0.000000 0.268941 0.247763 0.398596 0.443042 
0.000000 0.268941 0.247763 0.398596 0.443042 
0.000000 0.268941 0.247763 0.398596 0.443042 
0.000000 0.268941 0.247763 0.398596 0.443042 
0.000000 0.268941 0.247763 0.398596 0.443042 
0.000000 0.268941 0.247763 0.398596 0.443042 
0.000000 0.268941 0.247763 0.398596 0.443042 
0.000000 0.000000 0.247763 0.398596 0.443042 
0.000000 0.000000 0.273665 0.418086 0.456352 
0.000000 0.000000 0.283885 0.421115 0.456769 
0.000000 0.000000 0.288726 0.421247 0.456195 
0.000000 0.000000 0.291211 0.420975 0.455833 
0.000000 0.000000 0.292524 0.420738 0.455651 
0.000000 0.000000 0.293225 0.420584 0.455561 
0.000000 0.000000 0.293601 0.420493 0.455516 
0.000000 0.000000 0.293803 0.420442 0.455493 
0.000000 0.000000 0.293912 0.420413 0.455481 
0.000000 0.000000 0.293971 0.420398 0.455475 
0.000000 0.000000 0.294002 0.420389 0.455471 
0.000000 0.000000 0.294019 0.420385 0.455469 
0.000000 0.000000 0.294028 0.420382 0.455468 
0.000000 0.000000 0.294033 0.420381 0.455468 
0.000000 0.000000 0.294036 0.420380 0.455467 
0.000000 0.000000 0.294038 0.420380 0.455467 
0.000000 0.000000 0.294038 0.420379 0.455467 
0.000000 0.000000 0.294039 0.420379 0.455467 
0.000000 0.000000 0.294039 0.420379 0.455467 
0.000000 0.000000 0.294039 0.420379 0.455467 
0.000000 0.000000 0.294039 0.420379 0.455467 
0.000000 0.000000 0.294039 0.420379 0.455467 
0.000000 0.000000 0.294039 0.420379 0.455467 
0.000000 0.000000 0.294039 0.420379 0.455467 
0.000000 0.000000 0.294039 0.420379 0.455467 
0.000000 0.000000 0.294039 0.420379 0.455467 
0.000000 0.000000 0.294039 0.420379 0.455467 
0.000000 0.000000 0.294039 0.420379 0.455467 
0.000000 0.000000 0.294039 0.420379 0.455467 
0.000000 0.000000 0.294039 0.420379 0.455467 
0.000000 0.000000 0.294039 0.420379 0.455467 
0.000000 0.000000 0.294039 0.420379 0.455467 
0.000000 0.000000 0.294039 0.420379 0.455467 
0.000000 0.000000 0.294039 0.420379 0.455467 
0.000000 0.000000 0.294039 0.420379 0.455467 
0.000000 0.000000 0.294039 0.420379 0.455467 
0.000000 0.000000 0.294039 0.420379 0.455467 
0.000000 0.000000 0.294039 0.420379 0.455467 
0.000000 0.000000 0.294039 0.420379 0.455467 
0.000000 0.000000 0.294039 0.420379 0.455467 
0.000000 0.000000 0.294039 0.420379 0.455467 
0.000000 0.000000 0.294039 0.420379 0.455467 
0.000000 0.000000 0.294039 0.420379 0.455467 
0.000000 0.000000 0.294039 0.420379 0.455467 
0.000000 0.000000 0.294039 0.420379 0.455467 
0.000000 0.000000 0.294039 0.420379 0.455467 
0.000000 0.000000 0.294039 0.420379 0.455467 
0.000000 0.000000 0.294039 0.420379 0.455467 
0.000000 0.000000 0.294039 0.420379 0.455467 
0.000000 0.000000 0.294039 0.420379 0.455467 
0.000000 0.000000 0.294039 0.420379 0.455467 
0.000000 0.000000 0.294039 0.420379 0.455467 
0.000000 0.000000 0.294039 0.420379 0.455467 
0.000000 0.000000 0.294039 0.420379 0.455467 
0.000000 0.000000 0.294039 0.420379 0.455467 
0.000000 0.000000 0.294039 0.420379 0.455467 
0.000000 0.000000 0.294039 0.420379 0.455467 
0.000000 0.000000 0.294039 0.420379 0.455467 
0.000000 0.000000 0.294039 0.420379 0.455467 
0.000000 0.000000 0.294039 0.420379 0.455467 
0.000000 0.000000 0.294039 0.420379 0.455467 
0.000000 0.000000 0.294039 0.420379 0.455467 
0.000000 0.000000 0.294039 0.420379 0.455467 
0.000000 0.000000 0.294039 0.420379 0.455467 
0.000000 0.000000 0.294039 0.420379 0.455467 
0.000000 0.000000 0.294039 0.420379 0.455467 
0.000000 0.000000 0.294039 0.420379 0.455467 
0.000000 0.000000 0.294039 0.420379 0.455467 
0.000000 0.000000 0.294039 0.420379 0.455467 
0.000000 0.000000 0.294039 0.420379 0.455467 
0.000000 0.000000 0.294039 0.420379 0.455467 
0.000000 0.000000 0.294039 0.420379 0.455467 
0.000000 0.000000 0.294039 0.420379 0.455467 
0.000000 0.000000 0.294039 0.420379 0.455467 
0.000000 0.000000 0.294039 0.420379 0.455467 
0.000000 0.000000 0.294039 0.420379 0.455467 
0.000000 0.000000 0.294039 0.420379 0.455467 
0.000000 0.000000 0.294039 0.420379 0.455467 
0.000000 0.000000 0.294039 0.420379 0.455467 
0.000000 0.000000 0.294039 0.420379 0.455467 
0.000000 0.000000 0.294039 0.420379 0.455467 
0.000000 0.000000 0.294039 0.420379 0.455467 
0.000000 0.000000 0.294039 0.420379 0.455467 
0.000000 0.000000 0.294039 0.420379 0.455467 
0.000000 0.000000 0.294039 0.420379 0.455467 
0.000000 0.000000 0.294039 0.420379 0.455467 
0.000000 0.000000 0.294039 0.420379 0.455467 
0.000000 0.000000 0.294039 0.420379 0.455467 
0.000000 0.000000 0.294039 0.420379 0.455467 
0.000000 0.000000 0.294039 0.420379 0.455467 
0.000000 0.000000 0.294039 0.420379 0.455467 
0.000000 0.000000 0.294039 0.420379 0.455467 
0.000000 0.000000 0.294039 0.420379 0.455467 
0.000000 0.000000 0.294039 0.420379 0.455467 
0.000000 0.000000 0.294039 0.420379 0.455467 
0.000000 0.000000 0.294039 0.420379 0.455467 
0.000000 0.000000 0.294039 0.420379 0.455467 
0.000000 0.000000 0.294039 0.420379 0.455467 
0.000000 0.268941 0.000000 0.000000 0.000000 
0.000000 0.268941 0.466433 0.479840 0.486556 
0.000000 0.268941 0.335168 0.403529 0.436888 
0.000000 0.268941 0.289640 0.394238 0.437261 
0.000000 0.268941 0.269180 0.394696 0.440035 
0.000000 0.268941 0.258989 0.396103 0.441576 
0.000000 0.268941 0.253710 0.397146 0.442318 
0.000000 0.268941 0.250929 0.397785 0.442675 
0.000000 0.268941 0.249453 0.398151 0.442852 
0.000000 0.268941 0.248666 0.398354 0.442943 
0.000000 0.268941 0.248246 0.398466 0.442990 
0.000000 0.268941 0.248021 0.398526 0.443014 
0.000000 0.268941 0.247901 0.398558 0.443027 
0.000000 0.268941 0.247837 0.398576 0.443034 
0.000000 0.268941 0.247803 0.398585 0.443038 
0.000000 0.268941 0.247784 0.398590 0.443040 
0.000000 0.268941 0.247774 0.398593 0.443041 
0.000000 0.268941 0.247769 0.398594 0.443041 
0.000000 0.268941 0.247766 0.398595 0.443042 
0.000000 0.268941 0.247765 0.398595 0.443042 
0.000000 0.268941 0.247764 0.398595 0.443042 
0.000000 0.268941 0.247763 0.398596 0.443042 
0.000000 0.268941 0.247763 0.398596 0.443042 
0.000000 0.268941 0.247763 0.398596 0.443042 
0.000000 0.268941 0.247763 0.398596 0.443042 
0.000000 0.268941 0.247763 0.398596 0.443042 
0.000000 0.268941 0.247763 0.398596 0.443042 
0.000000 0.268941 0.247763 0.398596 0.443042 
0.000000 0.268941 0.247763 0.398596 0.443042 
0.000000 0.268941 0.247763 0.398596 0.443042 
0.000000 0.268941 0.247763 0.398596 0.443042 
0.000000 0.268941 0.247763 0.398596 0.443042 
0.000000 0.268941 0.247763 0.398596 0.443042 
0.000000 0.268941 0.247763 0.398596 0.443042 
0.000000 0.268941 0.247763 0.398596 0.443042 
0.000000 0.268941 0.247763 0.398596 0.443042 
0.000000 0.268941 0.247763 0.398596 0.443042 
0.000000 0.268941 0.247763 0.398596 0.443042 
0.000000 0.268941 0.247763 0.398596 0.443042 
0.000000 0.268941 0.247763 0.398596 0.443042 
0.000000 0.268941 0.247763 0.398596 0.443042 
0.000000 0.268941 0.247763 0.398596 0.443042 
0.000000 0.268941 0.247763 0.398596 0.443042 
0.000000 0.268941 0.247763 0.398596 0.443042 
0.000000 0.268941 0.247763 0.398596 0.443042 
0.000000 0.268941 0.247763 0.398596 0.443042 
0.000000 0.268941 0.247763 0.398596 0.443042 
0.000000 0.268941 0.247763 0.398596 0.443042 
0.000000 0.268941 0.247763 0.398596 0.443042 
0.000000 0.268941 0.247763 0.398596 0.443042 
0.000000 0.268941 0.247763 0.398596 0.443042 
0.000000 0.000000 0.247763 0.398596 0.443042 
0.000000 0.000000 0.273665 0.418086 0.456352 
0.000000 0.000000 0.283885 0.421115 0.456769 
0.000000 0.000000 0.288726 0.421247 0.456195 
0.000000 0.000000 0.291211 0.420975 0.455833 
0.000000 0.000000 0.292524 0.420738 0.455651 
0.000000 0.000000 0.293225 0.420584 0.455561 
0.000000 0.000000 0.293601 0.420493 0.455516 
0.000000 0.000000 0.293803 0.420442 0.455493 
0.000000 0.000000 0.293912 0.420413 0.455481 
0.000000 0.000000 0.293971 0.420398 0.455475 
0.000000 0.000000 0.294002 0.420389 0.455471 
0.000000 0.000000 0.294019 0.420385 0.455469 
0.000000 0.000000 0.294028 0.420382 0.455468 
0.000000 0.000000 0.294033 0.420381 0.455468 
0.000000 0.000000 0.294036 0.420380 0.455467 
0.000000 0.000000 0.294038 0.420380 0.455467 
0.000000 0.000000 0.294038 0.420379 0.455467 
0.000000 0.000000 0.294039 0.420379 0.455467 
0.000000 0.000000 0.294039 0.420379 0.455467 
0.000000 0.000000 0.294039 0.420379 0.455467 
0.000000 0.000000 0.294039 0.420379 0.455467 
0.000000 0.000000 0.294039 0.420379 0.455467 
0.000000 0.000000 0.294039 0.420379 0.455467 
0.000000 0.000000 0.294039 0.420379 0.455467 
0.000000 0.000000 0.294039 0.420379 0.455467 
0.000000 0.000000 0.294039 0.420379 0.455467 
0.000000 0.000000 0.294039 0.420379 0.455467 
0.000000 0.000000 0.294039 0.420379 0.455467 
0.000000 0.000000 0.294039 0.420379 0.455467 
0.000000 0.000000 0.294039 0.420379 0.455467 
0.000000 0.000000 0.294039 0.420379 0.455467 
0.000000 0.000000 0.294039 0.420379 0.455467 
0.000000 0.000000 0.294039 0.420379 0.455467 
0.000000 0.000000 0.294039 0.420379 0.455467 
0.000000 0.000000 0.294039 0.420379 0.455467 
0.000000 0.000000 0.294039 0.420379 0.455467 
0.000000 0.000000 0.294039 0.420379 0.455467 
0.000000 0.000000 0.294039 0.420379 0.455467 
0.000000 0.000000 0.294039 0.420379 0.455467 
0.000000 0.000000 0.294039 0.420379 0.455467 
0.000000 0.000000 0.294039 0.420379 0.455467 
0.000000 0.000000 0.294039 0.420379 0.455467 
0.000000 0.000000 0.294039 0.420379 0.455467 
0.000000 0.000000 0.294039 0.420379 0.455467 
0.000000 0.000000 0.294039 0.420379 0.455467 
0.000000 0.000000 0.294039 0.420379 0.455467 
0.000000 0.000000 0.294039 0.420379 0.455467 
0.000000 0.000000 0.294039 0.420379 0.455467 
0.000000 0.000000 0.294039 0.420379 0.455467 
0.000000 0.000000 0.294039 0.420379 0.455467 
0.000000 0.000000 0.294039 0.420379 0.455467 
0.000000 0.000000 0.294039 0.420379 0.455467 
0.000000 0.000000 0.294039 0.420379 0.455467 
0.000000 0.000000 0.294039 0.420379 0.455467 
0.000000 0.000000 0.294039 0.420379 0.455467 
0.000000 0.000000 0.294039 0.420379 0.455467 
0.000000 0.000000 0.294039 0.420379 0.455467 
0.000000 0.000000 0.294039 0.420379 0.455467 
0.000000 0.000000 0.294039 0.420379 0.455467 
0.000000 0.000000 0.294039 0.420379 0.455467 
0.000000 0.000000 0.294039 0.420379 0.455467 
0.000000 0.000000 0.294039 0.420379 0.455467 
0.000000 0.000000 0.294039 0.420379 0.455467 
0.000000 0.000000 0.294039 0.420379 0.455467 
0.000000 0.000000 0.294039 0.420379 0.455467 
0.000000 0.000000 0.294039 0.420379 0.455467 
0.000000 0.000000 0.294039 0.420379 0.455467 
0.000000 0.000000 0.294039 0.420379 0.455467 
0.000000 0.000000 0.294039 0.420379 0.455467 
0.000000 0.000000 0.294039 0.420379 0.455467 
0.000000 0.000000 0.294039 0.420379 0.455467 
0.000000 0.000000 0.294039 0.420379 0.455467 
0.000000 0.000000 0.294039 0.420379 0.455467 
0.000000 0.000000 0.294039 0.420379 0.455467 
0.000000 0.000000 0.294039 0.420379 0.455467 
0.000000 0.000000 0.294039 0.420379 0.455467 
0.000000 0.000000 0.294039 0.420379 0.455467 
0.000000 0.000000 0.294039 0.420379 0.455467 
0.000000 0.000000 0.294039 0.420379 0.455467 
0.000000 0.000000 0.294039 0.420379 0.455467 
0.000000 0.000000 0.294039 0.420379 0.455467 
0.000000 0.000000 0.294039 0.420379 0.455467 
0.000000 0.000000 0.294039 0.420379 0.455467 
0.000000 0.000000 0.294039 0.420379 0.455467 
0.000000 0.000000 0.294039 0.420379 0.455467 
0.000000 0.000000 0.294039 0.420379 0.455467 
0.000000 0.000000 0.294039 0.420379 0.455467 
0.000000 0.000000 0.294039 0.420379 0.455467 
0.000000 0.000000 0.294039 0.420379 0.455467 
0.000000 0.000000 0.294039 0.420379 0.455467 
0.000000 0.000000 0.294039 0.420379 0.455467 
0.000000 0.000000 0.294039 0.420379 0.455467 
0.000000 0.000000 0.294039 0.420379 0.455467 
0.000000 0.000000 0.294039 0.420379 0.455467 
0.000000 0.000000 0.294039 0.420379 0.455467 
0.000000 0.000000 0.294039 0.420379 0.455467 
0.000000 0.000000 0.294039 0.420379 0.455467 
0.000000 0.000000 0.294039 0.420379 0.455467 
0.000000 0.268941 0.000000 0.000000 0.000000 
0.000000 0.268941 0.466433 0.479840 0.486556 
0.000000 0.268941 0.335168 0.403529 0.436888 
0.000000 0.268941 0.289640 0.394238 0.437261 
0.000000 0.268941 0.269180 0.394696 0.440035 
0.000000 0.268941 0.258989 0.396103 0.441576 
0.000000 0.268941 0.253710 0.397146 0.442318 
0.000000 0.268941 0.250929 0.397785 0.442675 
0.000000 0.268941 0.249453 0.398151 0.442852 
0.000000 0.268941 0.248666 0.398354 0.442943 
0.000000 0.268941 0.248246 0.398466 0.442990 
0.000000 0.268941 0.248021 0.398526 0.443014 
0.000000 0.268941 0.247901 0.398558 0.443027 
0.000000 0.268941 0.247837 0.398576 0.443034 
0.000000 0.268941 0.247803 0.398585 0.443038 
0.000000 0.268941 0.247784 0.398590 0.443040 
0.000000 0.268941 0.247774 0.398593 0.443041 
0.000000 0.268941 0.247769 0.398594 0.443041 
0.000000 0.268941 0.247766 0.398595 0.443042 
0.000000 0.268941 0.247765 0.398595 0.443042 
0.000000 0.268941 0.247764 0.398595 0.443042 
0.000000 0.268941 0.247763 0.398596 0.443042 
0.000000 0.268941 0.247763 0.398596 0.443042 
0.000000 0.268941 0.247763 0.398596 0.443042 
0.000000 0.268941 0.247763 0.398596 0.443042 
0.000000 0.268941 0.247763 0.398596 0.443042 
0.000000 0.268941 0.247763 0.398596 0.443042 
0.000000 0.268941 0.247763 0.398596 0.443042 
0.000000 0.268941 0.247763 0.398596 0.443042 
0.000000 0.268941 0.247763 0.398596 0.443042 
0.000000 0.268941 0.247763 0.398596 0.443042 
0.000000 0.268941 0.247763 0.398596 0.443042 
0.000000 0.268941 0.247763 0.398596 0.443042 
0.000000 0.268941 0.247763 0.398596 0.443042 
0.000000 0.268941 0.247763 0.398596 0.443042 
0.000000 0.268941 0.247763 0.398596 0.443042 
0.000000 0.268941 0.247763 0.398596 0.443042 
0.000000 0.268941 0.247763 0.398596 0.443042 
0.000000 0.268941 0.247763 0.398596 0.443042 
0.000000 0.268941 0.247763 0.398596 0.443042 
0.000000 0.268941 0.247763 0.398596 0.443042 
0.000000 0.268941 0.247763 0.398596 0.443042 
0.000000 0.268941 0.247763 0.398596 0.443042 
0.000000 0.268941 0.247763 0.398596 0.443042 
0.000000 0.268941 0.247763 0.398596 0.443042 
0.000000 0.268941 0.247763 0.398596 0.443042 
0.000000 0.268941 0.247763 0.398596 0.443042 
0.000000 0.268941 0.247763 0.398596 0.443042 
0.000000 0.268941 0.247763 0.398596 0.443042 
0.000000 0.268941 0.247763 0.398596 0.443042 
0.000000 0.268941 0.247763 0.398596 0.443042 
0.000000 0.000000 0.247763 0.398596 0.443042 
0.000000 0.000000 0.273665 0.418086 0.456352 
0.000000 0.000000 0.283885 0.421115 0.456769 
0.000000 0.000000 0.288726 0.421247 0.456195 
0.000000 0.000000 0.291211 0.420975 0.455833 
0.000000 0.000000 0.292524 0.420738 0.455651 
0.000000 0.000000 0.293225 0.420584 0.455561 
0.000000 0.000000 0.293601 0.420493 0.455516 
0.000000 0.000000 0.293803 0.420442 0.455493 
0.000000 0.000000 0.293912 0.420413 0.455481 
0.000000 0.000000 0.293971 0.420398 0.455475 
0.000000 0.000000 0.294002 0.420389 0.455471 
0.000000 0.000000 0.294019 0.420385 0.455469 
0.000000 0.000000 0.294028 0.420382 0.455468 
0.000000 0.000000 0.294033 0.420381 0.455468 
0.000000 0.000000 0.294036 0.420380 0.455467 
0.000000 0.000000 0.294038 0.420380 0.455467 
0.000000 0.000000 0.294038 0.420379 0.455467 
0.000000 0.000000 0.294039 0.420379 0.455467 
0.000000 0.000000 0.294039 0.420379 0.455467 
0.000000 0.000000 0.294039 0.420379 0.455467 
0.000000 0.000000 0.294039 0.420379 0.455467 
0.000000 0.000000 0.294039 0.420379 0.455467 
0.000000 0.000000 0.294039 0.420379 0.455467 
0.000000 0.000000 0.294039 0.420379 0.455467 
0.000000 0.000000 0.294039 0.420379 0.455467 
0.000000 0.000000 0.294039 0.420379 0.455467 
0.000000 0.000000 0.294039 0.420379 0.455467 
0.000000 0.000000 0.294039 0.420379 0.455467 
0.000000 0.000000 0.294039 0.420379 0.455467 
0.000000 0.000000 0.294039 0.420379 0.455467 
0.000000 0.000000 0.294039 0.420379 0.455467 
0.000000 0.000000 0.294039 0.420379 0.455467 
0.000000 0.000000 0.294039 0.420379 0.455467 
0.000000 0.000000 0.294039 0.420379 0.455467 
0.000000 0.000000 0.294039 0.420379 0.455467 
0.000000 0.000000 0.294039 0.420379 0.455467 
0.000000 0.000000 0.294039 0.420379 0.455467 
0.000000 0.000000 0.294039 0.420379 0.455467 
0.000000 0.000000 0.294039 0.420379 0.455467 
0.000000 0.000000 0.294039 0.420379 0.455467 
0.000000 0.000000 0.294039 0.420379 0.455467 
0.000000 0.000000 0.294039 0.420379 0.455467 
0.000000 0.000000 0.294039 0.420379 0.455467 
0.000000 0.000000 0.294039 0.420379 0.455467 
0.000000 0.000000 0.294039 0.420379 0.455467 
0.000000 0.000000 0.294039 0.420379 0.455467 
0.000000 0.000000 0.294039 0.420379 0.455467 
0.000000 0.000000 0.294039 0.420379 0.455467 
0.000000 0.000000 0.294039 0.420379 0.455467 
0.000000 0.000000 0.294039 0.420379 0.455467 
0.000000 0.000000 0.294039 0.420379 0.455467 
0.000000 0.000000 0.294039 0.420379 0.455467 
0.000000 0.000000 0.294039 0.420379 0.455467 
0.000000 0.000000 0.294039 0.420379 0.455467 
0.000000 0.000000 0.294039 0.420379 0.455467 
0.000000 0.000000 0.294039 0.420379 0.455467 
0.000000 0.000000 0.294039 0.420379 0.455467 
0.000000 0.000000 0.294039 0.420379 0.455467 
0.000000 0.000000 0.294039 0.420379 0.455467 
0.000000 0.000000 0.294039 0.420379 0.455467 
0.000000 0.000000 0.294039 0.420379 0.455467 
0.000000 0.000000 0.294039 0.420379 0.455467 
0.000000 0.000000 0.294039 0.420379 0.455467 
0.000000 0.000000 0.294039 0.420379 0.455467 
0.000000 0.000000 0.294039 0.420379 0.455467 
0.000000 0.000000 0.294039 0.420379 0.455467 
0.000000 0.000000 0.294039 0.420379 0.455467 
0.000000 0.000000 0.294039 0.420379 0.455467 
0.000000 0.000000 0.294039 0.420379 0.455467 
0.000000 0.000000 0.294039 0.420379 0.455467 
0.000000 0.000000 0.294039 0.420379 0.455467 
0.000000 0.000000 0.294039 0.420379 0.455467 
0.000000 0.000000 0.294039 0.420379 0.455467 
0.000000 0.000000 0.294039 0.420379 0.455467 
0.000000 0.000000 0.294039 0.420379 0.455467 
0.000000 0.000000 0.294039 0.420379 0.455467 
0.000000 0.000000 0.294039 0.420379 0.455467 
0.000000 0.000000 0.294039 0.420379 0.455467 
0.000000 0.000000 0.294039 0.420379 0.455467 
0.000000 0.000000 0.294039 0.420379 0.455467 
0.000000 0.000000 0.294039 0.420379 0.455467 
0.000000 0.000000 0.294039 0.420379 0.455467 
0.000000 0.000000 0.294039 0.420379 0.455467 
0.000000 0.000000 0.294039 0.420379 0.455467 
0.000000 0.000000 0.294039 0.420379 0.455467 
0.000000 0.000000 0.294039 0.420379 0.455467 
0.000000 0.000000 0.294039 0.420379 0.455467 
0.000000 0.000000 0.294039 0.420379 0.455467 
0.000000 0.000000 0.294039 0.420379 0.455467 
0.000000 0.000000 0.294039 0.420379 0.455467 
0.000000 0.000000 0.294039 0.420379 0.455467 
0.000000 0.000000 0.294039 0.420379 0.455467 
0.000000 0.000000 0.294039 0.420379 0.455467 
0.000000 0.000000 0.294039 0.420379 0.455467 
0.000000 0.000000 0.294039 0.420379 0.455467 
0.000000 0.000000 0.294039 0.420379 0.455467 
0.000000 0.000000 0.294039 0.420379 0.455467 
0.000000 0.000000 0.294039 0.420379 0.455467 
